           1           1   1.9991796589760620     
           1           2  -2.9004188464918429E-003
           1           3  -1.1933497904236947E-002
           1           4  -1.7825102666043199E-002
           1           5  -1.9738627096995268E-003
           1           6  -8.5546894858124917E-003
           1           7  -4.6404614448592829E-004
           1           8   1.1553095520862460E-012
           1           9   2.3669428092330861E-012
           1          10  -1.6196840581128977E-012
           1          11   8.4655749957652063E-013
           1          12   4.3278701686811797E-012
           1          13  -1.0570136208578770E-012
           1          14   7.9962743395910882E-013
           1          15   1.7896315020981097E-012
           1          16  -5.1372736809311415E-013
           1          17  -4.4351907741475724E-013
           1          18  -1.1888129511739811E-012
           1          19  -4.9721734106761865E-014
           1          20  -4.1016662093157126E-013
           1          21  -1.6463961209400787E-013
           1          22   1.1793084937887556E-012
           1          23   1.0588993652539482E-013
           1          24   1.6450798758421803E-013
           1          25  -1.4829760379779987E-013
           1          26   9.4214871058651076E-003
           1          27   9.3865535494126990E-006
           1          28   9.3357852181111967E-003
           1          29   1.1173773374289354E-005
           1          30  -1.3352521216225909E-004
           1          31   9.2669540962327483E-003
           1          32   6.2659475116560604E-003
           1          33   1.3233209085696231E-005
           1          34   6.1306285640994954E-003
           1          35   1.8850083388556342E-005
           1          36  -2.1119522219178303E-004
           1          37   6.0219477101345273E-003
           1          38   1.2176603501501747E-003
           1          39  -2.7388363773865613E-006
           1          40   1.2470309364671982E-003
           1          41  -4.1928076505819603E-006
           1          42   4.5870195473097174E-005
           1          43   1.2706197716385033E-003
           1          44   2.2449648457743246E-004
           1          45   5.2390918831883946E-007
           1          46   2.1897363378700537E-004
           1          47   7.8164287769679012E-007
           1          48  -8.6233366210649495E-006
           1          49   2.1453798089438576E-004
           1          50  -8.0589945360200131E-013
           1          51  -8.1875930599075303E-013
           1          52  -3.8204074458593475E-013
           1          53  -1.7860939336077010E-012
           1          54   2.2104926057875065E-013
           1          55   9.6139261669723703E-015
           1          56   2.5008076093271444E-013
           1          57  -3.5874638155959233E-013
           1          58  -7.8368167688116755E-013
           1          59   5.0811752798462360E-013
           1          60  -9.4346712520020626E-014
           1          61  -2.0405468427113143E-013
           1          62  -3.8595675049075343E-014
           1          63  -4.4105622345466029E-013
           1          64  -1.2903427632698271E-013
           1          65   9.7068914286667162E-015
           1          66  -1.3022041521064450E-013
           1          67  -4.7151981220586395E-014
           1          68  -1.9475949895282406E-013
           1          69  -2.6170356702812155E-013
           2           1  -2.9004188464918429E-003
           2           2   1.9894360114823342     
           2           3  -4.2831073129564079E-002
           2           4  -5.5914678803951054E-002
           2           5  -8.2597968420205729E-003
           2           6  -4.4733109767825331E-002
           2           7   3.5400145482548957E-003
           2           8  -3.4202169716940624E-012
           2           9   9.1931315622592974E-012
           2          10  -6.8488067851967050E-012
           2          11   3.6872294958316607E-012
           2          12   1.5936900990570936E-011
           2          13  -4.1578558104986101E-012
           2          14   3.9997848822496469E-012
           2          15   8.6706924009704604E-012
           2          16  -2.7096472650540986E-012
           2          17  -2.1293112978244636E-012
           2          18  -5.2693140008380339E-012
           2          19   3.8361656098221351E-013
           2          20  -2.2371935998708986E-012
           2          21  -2.5229126154544659E-012
           2          22   4.4439085075298192E-012
           2          23   5.3013985509500062E-013
           2          24   9.5797448729935193E-013
           2          25  -6.0104706358366887E-013
           2          26   3.4013109917279891E-002
           2          27   3.4800054899854423E-005
           2          28   3.3697739117000365E-002
           2          29   4.0921050204697133E-005
           2          30  -4.9129418345605924E-004
           2          31   3.3444450358258673E-002
           2          32   2.1704305243646992E-002
           2          33   5.0268028429324820E-005
           2          34   2.1190261146419635E-002
           2          35   7.1608260260054199E-005
           2          36  -8.0228020230169780E-004
           2          37   2.0777408759452817E-002
           2          38   5.8861752666141617E-003
           2          39  -1.1463265882476651E-005
           2          40   6.0081937909027740E-003
           2          41  -1.7354216205558289E-005
           2          42   1.9054562742159604E-004
           2          43   6.1061923478141489E-003
           2          44  -2.7433794883972737E-006
           2          45   2.1817372034343849E-006
           2          46  -2.5641370188422214E-005
           2          47   3.2334400329608519E-006
           2          48  -3.5750549273166374E-005
           2          49  -4.4031788426853453E-005
           2          50  -3.8259056698793002E-012
           2          51  -3.7524824511408291E-012
           2          52  -1.7766402081573980E-012
           2          53  -8.3267048594271266E-012
           2          54   1.1332143103343051E-012
           2          55   3.3684674588654898E-014
           2          56   1.1958031804664762E-012
           2          57  -1.7098889304950641E-012
           2          58  -3.6929931773082328E-012
           2          59   2.4946775825620075E-012
           2          60  -3.2588271560091303E-013
           2          61  -6.4699185599669534E-013
           2          62  -1.3200080356917050E-013
           2          63  -1.4466261558774067E-012
           2          64  -3.7847124695820558E-013
           2          65  -1.9126017291169531E-015
           2          66  -3.9109602417199468E-013
           2          67  -1.4328747445128067E-013
           2          68  -6.4310002172892827E-013
           2          69  -8.3704245442635295E-013
           3           1  -1.1933497904236947E-002
           3           2  -4.2831073129564079E-002
           3           3   1.7482251105883524     
           3           4 -0.44746109429412612     
           3           5  -2.4105096254225918E-002
           3           6 -0.11971660876891632     
           3           7  -3.8686546089989102E-002
           3           8   6.0979942451617865E-011
           3           9  -6.2995334363160657E-012
           3          10   9.3738235906324584E-012
           3          11   1.2597053504221742E-012
           3          12   2.7658846721517777E-011
           3          13  -4.8639667541582915E-012
           3          14  -2.3020681892213579E-011
           3          15  -6.2141623538696428E-011
           3          16   1.9023219189160399E-011
           3          17  -4.9676339284511100E-012
           3          18  -2.5682733998293039E-011
           3          19  -2.7097619383899630E-012
           3          20   6.5262807914929019E-011
           3          21   2.1251720083701428E-010
           3          22  -3.3798967010858362E-011
           3          23  -5.6290235891646701E-012
           3          24  -1.7093516235064545E-011
           3          25   3.2300780907549646E-012
           3          26  0.15529686347112814     
           3          27   9.5377521368502564E-004
           3          28  0.14648810423943243     
           3          29   1.1568535268249415E-003
           3          30  -1.3726753475023203E-002
           3          31  0.13941338175270099     
           3          32  0.12645520536240062     
           3          33   1.0060974350504534E-003
           3          34  0.11601956704056522     
           3          35   1.4646713879201839E-003
           3          36  -1.6290453922674187E-002
           3          37  0.10763822685650168     
           3          38   2.8206457625574638E-002
           3          39  -7.7699827740069062E-005
           3          40   2.9198331768680710E-002
           3          41  -1.5284583683147410E-004
           3          42   1.5524993818174233E-003
           3          43   2.9994949475045031E-002
           3          44   9.3049765576547379E-003
           3          45   1.5842252767964310E-005
           3          46   9.1238133754511942E-003
           3          47   2.6661099126526538E-005
           3          48  -2.8317486016648114E-004
           3          49   8.9783128612125757E-003
           3          50  -7.4636369711795041E-012
           3          51  -1.1360801371143618E-011
           3          52  -2.8494859787600394E-012
           3          53  -3.4329515451724170E-011
           3          54   8.6675315158076792E-013
           3          55   1.1422000906943249E-013
           3          56   1.2837814501570119E-012
           3          57  -3.7206688958910582E-012
           3          58  -1.6029501085577523E-011
           3          59   6.0460374162176050E-012
           3          60  -3.1956409113110435E-011
           3          61  -4.7216508265092891E-011
           3          62  -1.4377371161818329E-011
           3          63  -1.0417267633233095E-010
           3          64   9.2515437529618992E-012
           3          65   1.2693921098783567E-013
           3          66   8.2423710235072200E-012
           3          67  -1.4131133452784997E-011
           3          68  -4.6991587101717530E-011
           3          69   1.9343134712469765E-011
           4           1  -1.7825102666043199E-002
           4           2  -5.5914678803951054E-002
           4           3 -0.44746109429412612     
           4           4  0.31829785969016283     
           4           5   1.8354926619056210E-002
           4           6  0.10002040218514764     
           4           7  -9.1552240540899985E-002
           4           8   9.6034862297608798E-012
           4           9  -1.6938301038081709E-011
           4          10   1.3524698408349259E-011
           4          11   2.2584710175147836E-012
           4          12  -3.3646613682472960E-012
           4          13  -3.5774635940666766E-013
           4          14   3.7428458680828693E-011
           4          15   1.1188136638103584E-010
           4          16  -2.4096713446771237E-011
           4          17   1.4175965695559562E-012
           4          18   7.5809671981593977E-012
           4          19   8.6659673633682494E-012
           4          20  -8.6202641836693774E-011
           4          21  -2.6869435236761960E-010
           4          22   2.7359121159598117E-011
           4          23   8.0201049942183607E-012
           4          24   2.3247230460543554E-011
           4          25  -3.4074548385401311E-012
           4          26   7.6445178980429560E-003
           4          27  -4.0162131269251278E-003
           4          28   4.6199659060369463E-002
           4          29  -5.1838733330258555E-003
           4          30   6.0117247743081581E-002
           4          31   7.7165065723807269E-002
           4          32   3.1769760584740334E-002
           4          33  -2.1223883938448051E-003
           4          34   5.3367109003209519E-002
           4          35  -3.0006886844681623E-003
           4          36   3.3705099701506813E-002
           4          37   7.0712937442448429E-002
           4          38  -2.3358408185008728E-002
           4          39  -8.2662220367653435E-004
           4          40  -1.5395987027782408E-002
           4          41  -1.0726987002756304E-003
           4          42   1.2416000687264247E-002
           4          43  -9.0009965403005862E-003
           4          44   1.7090041583874536E-002
           4          45   1.3041791999716639E-004
           4          46   1.5810597389540413E-002
           4          47   1.7420045992269011E-004
           4          48  -1.9956408183059719E-003
           4          49   1.4783017458749994E-002
           4          50   8.3255911582964742E-012
           4          51   1.1140802916185893E-011
           4          52   3.9043697472332130E-012
           4          53   2.9293071254675571E-011
           4          54  -3.4930542268887542E-012
           4          55  -3.3238536121694069E-013
           4          56   1.3674761714427013E-012
           4          57   4.2438892508609221E-012
           4          58   1.5296481217082258E-011
           4          59  -6.3505912851015561E-012
           4          60   4.0441927605772537E-011
           4          61   5.3164311885898230E-011
           4          62   1.7834963544646392E-011
           4          63   1.1988651603128895E-010
           4          64  -9.5761836335754611E-012
           4          65  -6.7068047213296110E-013
           4          66  -6.8723902207433307E-012
           4          67   1.7372073841466825E-011
           4          68   5.6066239267233389E-011
           4          69  -1.8752005764057087E-011
           5           1  -1.9738627096995268E-003
           5           2  -8.2597968420205729E-003
           5           3  -2.4105096254225918E-002
           5           4   1.8354926619056210E-002
           5           5   1.0802638650543634E-003
           5           6   5.8554018240873779E-003
           5           7  -5.4606020772677366E-003
           5           8   5.0742978239552201E-011
           5           9  -1.8074518716053133E-011
           5          10   1.6668973029041847E-011
           5          11  -8.7888923251815991E-012
           5          12  -2.1456275104024277E-011
           5          13   1.0916196923313654E-011
           5          14   1.9405778700851414E-012
           5          15   9.7954449735526401E-012
           5          16   3.2299970253454239E-012
           5          17   8.4549425403903397E-013
           5          18  -8.9872422161345024E-012
           5          19  -1.1757510916962921E-011
           5          20  -6.9540731713132664E-012
           5          21   3.4752615189866299E-012
           5          22   2.8114944224642423E-011
           5          23   6.2787462388642776E-013
           5          24  -1.2629578495948382E-013
           5          25  -2.2695653414996345E-012
           5          26   5.1666828923022253E-004
           5          27  -3.5766360322588497E-004
           5          28   2.8065663991443954E-003
           5          29  -2.1729666683060822E-004
           5          30   3.5430804333460709E-003
           5          31   4.6456861865672092E-003
           5          32   1.9971883936430197E-003
           5          33  -1.0478187188891413E-004
           5          34   3.2479621200181101E-003
           5          35  -1.8756817369712479E-004
           5          36   1.9561519905824977E-003
           5          37   4.2525167085605900E-003
           5          38  -1.3591516688674617E-003
           5          39  -4.8592961758889222E-005
           5          40  -8.8484776405921154E-004
           5          41  -6.4390377517870086E-005
           5          42   7.3974302073839197E-004
           5          43  -5.0391224792717588E-004
           5          44   1.0209477449697926E-003
           5          45   7.3391610264114224E-006
           5          46   9.4493364286034147E-004
           5          47   1.0660731069448634E-005
           5          48  -1.1865893583365349E-004
           5          49   8.8388324478449554E-004
           5          50   5.8982732147666971E-013
           5          51   2.3651708525596575E-013
           5          52   2.7070822696877604E-013
           5          53   1.1359444446667371E-012
           5          54  -7.8082539278491891E-013
           5          55  -1.0084495080109512E-013
           5          56  -2.0430925229375198E-013
           5          57   2.4139966938754029E-013
           5          58   1.1021595584081528E-012
           5          59  -1.2011248354896419E-012
           5          60   3.0715818795701846E-012
           5          61   3.5869970994703223E-015
           5          62   1.3269128124762641E-012
           5          63   2.7804671370569272E-013
           5          64  -4.9023088818883026E-012
           5          65  -7.6220281564631594E-014
           5          66  -4.2848679723784039E-012
           5          67   1.2791466996664105E-012
           5          68   7.4584914966246751E-013
           5          69  -1.0204989882785582E-011
           6           1  -8.5546894858124917E-003
           6           2  -4.4733109767825331E-002
           6           3 -0.11971660876891632     
           6           4  0.10002040218514764     
           6           5   5.8554018240873779E-003
           6           6   3.2144291561132576E-002
           6           7  -3.1483511244986599E-002
           6           8  -4.0548646942907043E-011
           6           9   1.3188713652777844E-011
           6          10  -1.2535926983070751E-011
           6          11   1.3305378493030408E-012
           6          12  -1.1974933917552634E-012
           6          13  -8.5206046758192745E-013
           6          14   1.2125736354515339E-011
           6          15   3.5769920177966457E-011
           6          16  -8.7641713210471484E-012
           6          17   2.5212707717358411E-013
           6          18   4.2778394892056561E-012
           6          19   5.5165294903510535E-012
           6          20  -2.7548282062672898E-011
           6          21  -9.1263529936313929E-011
           6          22   2.8802932185189061E-012
           6          23   2.5636897497549976E-012
           6          24   7.8665737847223124E-012
           6          25  -6.4048104327106132E-013
           6          26   4.8336302432812565E-003
           6          27  -1.3192025109350566E-003
           6          28   1.7631618830854803E-002
           6          29  -1.7313335231223497E-003
           6          30   1.9958523454426016E-002
           6          31   2.7910272183402113E-002
           6          32   1.2557496598056359E-002
           6          33  -6.9974324971001380E-004
           6          34   1.9653820545423611E-002
           6          35  -9.8413660678901035E-004
           6          36   1.1074065751537741E-002
           6          37   2.5353206198612480E-002
           6          38  -7.4403178125671552E-003
           6          39  -2.7876764770861848E-004
           6          40  -4.7518382462975765E-003
           6          41  -3.6244949882717150E-004
           6          42   4.1922910351837048E-003
           6          43  -2.5925953969416831E-003
           6          44   5.9037229505561851E-003
           6          45   4.4090358417842287E-005
           6          46   5.4712068486080477E-003
           6          47   5.8886494899916653E-005
           6          48  -6.7462572088594728E-004
           6          49   5.1238334584200193E-003
           6          50   2.7837966521435699E-012
           6          51   3.8051694615221721E-012
           6          52   1.3183865761178938E-012
           6          53   9.6006427232596553E-012
           6          54  -1.0848212883420333E-012
           6          55  -1.0049300131942876E-013
           6          56   5.0473827251863188E-013
           6          57   1.4135430827587249E-012
           6          58   4.9155320714640155E-012
           6          59  -1.8658221003435326E-012
           6          60   1.2978601030481254E-011
           6          61   1.7840848055589993E-011
           6          62   5.7251250534464474E-012
           6          63   4.0245361072417111E-011
           6          64  -2.1214634303814570E-012
           6          65  -2.1424744851083477E-013
           6          66  -1.3348059439279128E-012
           6          67   5.5808399150391406E-012
           6          68   1.8711954125093273E-011
           6          69  -4.0265780516605345E-012
           7           1  -4.6404614448592829E-004
           7           2   3.5400145482548957E-003
           7           3  -3.8686546089989102E-002
           7           4  -9.1552240540899985E-002
           7           5  -5.4606020772677366E-003
           7           6  -3.1483511244986599E-002
           7           7   5.1921533944235009E-002
           7           8  -1.7079875641049151E-010
           7           9   9.6297317639203678E-011
           7          10  -8.3445019127193670E-011
           7          11   4.0201146788449861E-012
           7          12   1.2014855212159122E-011
           7          13  -8.1882862498617371E-012
           7          14  -1.5619423157641942E-011
           7          15  -4.7415412268414342E-011
           7          16   8.3703022888956909E-012
           7          17  -9.7276955959772419E-014
           7          18   1.9487038706315721E-012
           7          19  -1.9876756210150967E-012
           7          20   3.3876974828994363E-011
           7          21   1.0003268146942340E-010
           7          22  -1.3451930663983877E-011
           7          23  -3.2393373519111425E-012
           7          24  -8.8907660295778855E-012
           7          25   1.6034859347693929E-012
           7          26  -2.7919364080616266E-002
           7          27   1.9245141479136601E-003
           7          28  -4.6019083827467853E-002
           7          29   2.4038366437721882E-003
           7          30  -2.8213044902137614E-002
           7          31  -6.0555799546980302E-002
           7          32  -3.5553879844958995E-002
           7          33   9.0768848788279051E-004
           7          34  -4.4829853137781733E-002
           7          35   1.2917256477806872E-003
           7          36  -1.4477096640056940E-002
           7          37  -5.2279816532883668E-002
           7          38   7.3950677813135217E-003
           7          39   4.2851370295074150E-004
           7          40   3.2280002130046568E-003
           7          41   5.6450031188644322E-004
           7          42  -6.4987581440095520E-003
           7          43  -1.1876503265891459E-004
           7          44  -1.0019683630037111E-002
           7          45  -6.8018777286748012E-005
           7          46  -9.3469754532930077E-003
           7          47  -9.2011504508076046E-005
           7          48   1.0493980230444715E-003
           7          49  -8.8066928447986231E-003
           7          50  -2.8504811090751027E-012
           7          51  -3.7276621624094766E-012
           7          52  -1.4927642249632335E-012
           7          53  -9.4536753184542709E-012
           7          54   1.6918513327931206E-012
           7          55   2.2198080622394143E-013
           7          56  -7.6534527418823750E-013
           7          57  -1.5008743969520945E-012
           7          58  -5.3123631220968929E-012
           7          59   2.4917413366059700E-012
           7          60  -1.5608822290897462E-011
           7          61  -1.9124365821974432E-011
           7          62  -6.8210880409871556E-012
           7          63  -4.3471549984035410E-011
           7          64   4.2240270162415992E-012
           7          65   3.1026980073682121E-013
           7          66   2.9151823802019481E-012
           7          67  -6.6272020823042595E-012
           7          68  -2.0696076222014663E-011
           7          69   8.1720216504029306E-012
           8           1   1.1553095520862460E-012
           8           2  -3.4202169716940624E-012
           8           3   6.0979942451617865E-011
           8           4   9.6034862297608798E-012
           8           5   5.0742978239552201E-011
           8           6  -4.0548646942907043E-011
           8           7  -1.7079875641049151E-010
           8           8   1.9999918544941004     
           8           9  -1.2820004018665186E-006
           8          10  -1.9179543773149566E-006
           8          11  -1.1409005158057560E-006
           8          12  -1.8386145298812996E-005
           8          13  -2.6587831267084072E-005
           8          14   1.8939387399943598E-003
           8          15  -7.1144117914303157E-006
           8          16  -1.3504092419356102E-005
           8          17   2.3699481149312600E-003
           8          18  -4.7836692115804603E-005
           8          19  -6.2296141723712316E-005
           8          20   5.8715964119219512E-004
           8          21   1.5446104422058048E-004
           8          22   2.0954645839325298E-004
           8          23  -1.0589221960609319E-006
           8          24  -1.3443186032521998E-005
           8          25  -1.8542751647060846E-005
           8          26  -1.0631644989917114E-011
           8          27   2.9124980656450361E-012
           8          28  -4.5814782028119607E-012
           8          29  -1.4459599674403025E-011
           8          30   2.7095205533627035E-012
           8          31   2.3010412760353003E-013
           8          32   5.8741206373122841E-012
           8          33  -8.8782043694955177E-012
           8          34   6.6659215866758547E-012
           8          35  -8.9561127693851835E-012
           8          36  -2.6946611264331098E-012
           8          37   3.6592221567216289E-011
           8          38   8.1970958400189566E-011
           8          39   1.1146181415405616E-011
           8          40   6.1974551990648631E-011
           8          41   1.3726583275554079E-011
           8          42   7.3365299540855654E-012
           8          43   4.0921237895162124E-011
           8          44   2.4139876453486471E-011
           8          45  -9.3789121299013445E-012
           8          46   3.5902835995315323E-011
           8          47  -1.1363668698859199E-012
           8          48  -1.1239249725397173E-011
           8          49   4.8559339838353262E-011
           8          50  -1.6389149669999287E-004
           8          51   4.4409227410104143E-005
           8          52   2.1437817520744457E-004
           8          53  -3.6286745261414136E-006
           8          54  -3.5199698851530762E-005
           8          55  -2.3679308172524523E-004
           8          56   2.3497523290255585E-005
           8          57   8.6286074224126012E-005
           8          58  -2.7815176144026554E-005
           8          59   2.6045308188126114E-005
           8          60   6.3592269363503247E-005
           8          61  -3.7391821202319113E-005
           8          62  -5.2450591178129183E-005
           8          63  -5.4273224717791677E-005
           8          64  -2.3645507927917348E-005
           8          65   6.2277405900636534E-005
           8          66  -3.7126485518501539E-005
           8          67  -1.8700182975803827E-005
           8          68  -1.3724327492609424E-005
           8          69  -7.8479573510642004E-005
           9           1   2.3669428092330861E-012
           9           2   9.1931315622592974E-012
           9           3  -6.2995334363160657E-012
           9           4  -1.6938301038081709E-011
           9           5  -1.8074518716053133E-011
           9           6   1.3188713652777844E-011
           9           7   9.6297317639203678E-011
           9           8  -1.2820004018665186E-006
           9           9   2.0000074896059594     
           9          10   2.1142224520591838E-005
           9          11  -1.8402343703280847E-005
           9          12   2.1815678272070217E-004
           9          13   2.9639933627308694E-004
           9          14  -7.2591636502528698E-006
           9          15   1.9956771786702413E-003
           9          16   1.3787489405882379E-004
           9          17  -4.8031782187997615E-005
           9          18   2.9025837787489987E-003
           9          19   7.1931675695105870E-004
           9          20   1.5439899809682677E-004
           9          21  -1.1802772252790636E-003
           9          22  -2.3878070963560009E-003
           9          23  -1.3440543218986506E-005
           9          24   1.5440677076787552E-004
           9          25   2.1006768614668361E-004
           9          26   2.9836220199834167E-012
           9          27  -3.4076453769718731E-012
           9          28  -8.8596769622871847E-012
           9          29   1.2330554369570888E-011
           9          30  -2.9209203383649852E-012
           9          31  -4.1752882369133059E-012
           9          32   2.1872787941279364E-011
           9          33   4.3530488118581006E-013
           9          34  -4.7228095321178971E-012
           9          35   3.5934145959362761E-012
           9          36  -2.2856214719530751E-012
           9          37  -3.9806103109923277E-012
           9          38  -5.6244703155392785E-011
           9          39  -3.5658093366061180E-012
           9          40  -1.8652471524373542E-011
           9          41  -7.9991398379705750E-012
           9          42  -1.0063170761424831E-011
           9          43  -2.8095450892992468E-011
           9          44  -1.2750447340553545E-011
           9          45   7.0036562856705547E-012
           9          46  -2.1146133601157203E-011
           9          47   8.1144079452889221E-012
           9          48   1.1350187705844346E-011
           9          49  -2.3143288447494228E-011
           9          50   3.1955754555521108E-005
           9          51   2.1602113017443812E-004
           9          52  -3.3705983751990588E-006
           9          53  -1.6037913168993401E-004
           9          54  -2.0299455716927465E-004
           9          55   2.6800358121289714E-005
           9          56  -7.1555505480509231E-006
           9          57  -2.7783146139517722E-005
           9          58  -9.3880020082205121E-005
           9          59  -1.8979653214593441E-005
           9          60  -6.5741623680493094E-005
           9          61   2.3571377487567802E-004
           9          62  -2.2049285753834361E-005
           9          63   6.8129839945942755E-004
           9          64   4.4318820790217428E-004
           9          65  -3.6299212337060287E-006
           9          66   3.5020337167277740E-004
           9          67  -1.3670050097528085E-005
           9          68   2.7119839007465243E-004
           9          69   8.2509169015450670E-004
          10           1  -1.6196840581128977E-012
          10           2  -6.8488067851967050E-012
          10           3   9.3738235906324584E-012
          10           4   1.3524698408349259E-011
          10           5   1.6668973029041847E-011
          10           6  -1.2535926983070751E-011
          10           7  -8.3445019127193670E-011
          10           8  -1.9179543773149566E-006
          10           9   2.1142224520591838E-005
          10          10   2.0000200473908545     
          10          11  -2.6566577339068510E-005
          10          12   2.9639954406797614E-004
          10          13   3.9429558954117474E-004
          10          14  -1.3320839590412218E-005
          10          15   1.3789856627289678E-004
          10          16   2.0773050713711223E-003
          10          17  -6.2057339869082129E-005
          10          18   7.1937523238915931E-004
          10          19   3.3302864455166787E-003
          10          20   2.0963329593478696E-004
          10          21  -2.3878249736665334E-003
          10          22  -2.5998670953234263E-003
          10          23  -1.8546682268073789E-005
          10          24   2.1006924964709061E-004
          10          25   2.7927388561239464E-004
          10          26  -3.4136938839370354E-012
          10          27   3.2382101458679694E-012
          10          28   8.3235850193370884E-012
          10          29  -9.4125560294106007E-012
          10          30   3.8260777309685796E-012
          10          31   1.6523303622184091E-012
          10          32  -1.3770181531379628E-011
          10          33  -2.2797466891853675E-012
          10          34  -2.2348002167662194E-012
          10          35  -5.8390632403881417E-012
          10          36  -3.1589034695909050E-012
          10          37   1.0963270213766517E-011
          10          38   4.6108367342339718E-011
          10          39   4.2785572380747814E-012
          10          40   2.2692735784239690E-011
          10          41   8.7440790376258153E-012
          10          42   1.1211234550937825E-011
          10          43   2.0018994354374223E-011
          10          44   1.1415426108558998E-011
          10          45  -5.9223869644210793E-012
          10          46   1.7297813221326844E-011
          10          47  -6.4917581270485850E-012
          10          48  -9.7169036588964107E-012
          10          49   2.1231427430244587E-011
          10          50  -2.5819258042507549E-005
          10          51  -2.0298687838147015E-004
          10          52   2.3453549751919383E-005
          10          53  -2.2315755396849204E-006
          10          54   8.9248280936518728E-005
          10          55  -3.1249017003114931E-005
          10          56  -9.2561536633356442E-005
          10          57   3.4434299682513007E-005
          10          58  -2.9627283101870213E-005
          10          59  -1.7092248617583380E-004
          10          60  -6.8315895633630112E-005
          10          61   4.4320263056387950E-004
          10          62  -3.7202045305683224E-005
          10          63   8.4131879977555793E-004
          10          64   5.0091055931030394E-004
          10          65   1.3467232289347910E-005
          10          66   5.0264403860042538E-004
          10          67  -3.7226173530000298E-005
          10          68   3.2844041598015337E-004
          10          69   1.1533065367261284E-003
          11           1   8.4655749957652063E-013
          11           2   3.6872294958316607E-012
          11           3   1.2597053504221742E-012
          11           4   2.2584710175147836E-012
          11           5  -8.7888923251815991E-012
          11           6   1.3305378493030408E-012
          11           7   4.0201146788449861E-012
          11           8  -1.1409005158057560E-006
          11           9  -1.8402343703280847E-005
          11          10  -2.6566577339068510E-005
          11          11   2.0099236610570435     
          11          12  -4.5937082163709730E-004
          11          13  -5.9853117133827865E-004
          11          14  -7.5062007644080969E-003
          11          15   1.3528546822044664E-003
          11          16   1.9198457144801011E-003
          11          17   1.3492824370766765E-002
          11          18  -4.2142517680570063E-004
          11          19  -5.5180482706795354E-004
          11          20   9.3052863282062803E-002
          11          21  -1.7402156754709767E-003
          11          22  -2.6307492082984106E-003
          11          23  -8.8430795440268689E-003
          11          24   1.4243253970219332E-004
          11          25   2.1790258965670724E-004
          11          26   1.7263972066661302E-012
          11          27   5.7617973035036595E-011
          11          28   4.2575691281574000E-012
          11          29  -2.0200716670254497E-011
          11          30   6.7558270106834053E-012
          11          31  -4.1144556657515732E-012
          11          32   2.3419627003374741E-012
          11          33  -3.5344410881019217E-011
          11          34  -4.6188724283555101E-013
          11          35   4.6511552809407242E-012
          11          36  -1.0508738099482404E-012
          11          37   6.4092460863577744E-012
          11          38  -5.7552364585005002E-012
          11          39   1.5163731605912915E-011
          11          40  -3.0946865502800128E-012
          11          41  -3.6582446949553258E-013
          11          42   6.3405847920269644E-013
          11          43  -6.2343171376341563E-012
          11          44  -6.1855688282186527E-013
          11          45  -1.8753627070983088E-012
          11          46  -1.1053471665642844E-012
          11          47  -4.3213614974896160E-014
          11          48  -1.2873986309502795E-013
          11          49  -6.6156709246324838E-013
          11          50  -2.8625225396962120E-002
          11          51   2.1034115307513039E-003
          11          52   1.7668894485328374E-003
          11          53   3.1382259671600094E-004
          11          54  -1.6802845461523345E-003
          11          55  -9.0367043638213303E-003
          11          56   1.2836609011755600E-003
          11          57  -3.1738067340698331E-003
          11          58  -1.1505791390456831E-003
          11          59   1.7061381354729218E-003
          11          60  -4.0521434303333673E-002
          11          61   1.5523670113760159E-004
          11          62  -2.1152451935986628E-002
          11          63   1.2988961381961888E-003
          11          64   1.2141641432347572E-003
          11          65   1.8972526604460753E-003
          11          66   6.4754029737821206E-004
          11          67  -2.0115643727461482E-002
          11          68   9.0561551344943479E-004
          11          69   1.6452966204153199E-003
          12           1   4.3278701686811797E-012
          12           2   1.5936900990570936E-011
          12           3   2.7658846721517777E-011
          12           4  -3.3646613682472960E-012
          12           5  -2.1456275104024277E-011
          12           6  -1.1974933917552634E-012
          12           7   1.2014855212159122E-011
          12           8  -1.8386145298812996E-005
          12           9   2.1815678272070217E-004
          12          10   2.9639954406797614E-004
          12          11  -4.5937082163709730E-004
          12          12   2.0150477793928538     
          12          13   6.9188100629693234E-003
          12          14   1.3468978600158729E-003
          12          15  -2.3469895728632364E-002
          12          16  -2.1563282200699009E-002
          12          17  -4.2967285428011852E-004
          12          18   1.8167462632617613E-002
          12          19   6.3309839493395168E-003
          12          20  -1.7430964794491405E-003
          12          21  0.11440714451727767     
          12          22   2.8885235999736320E-002
          12          23   1.4257828690326178E-004
          12          24  -1.0605270471139999E-002
          12          25  -2.3837156478215505E-003
