           1           1   2.1836686308201791     
           1           2 -0.69199238118332640     
           1           3  0.31157890765576279     
           1           4  -2.8250076918239796E-002
           1           5  -4.3597886656822460E-002
           1           6  -3.9120237413586764E-003
           1           7  -3.8365739498055000E-011
           1           8  -9.9154792861820599E-011
           1           9  -4.4828806943841420E-011
           1          10   1.2402062869812015E-010
           1          11   2.7032405550687252E-010
           1          12   3.1595163703881608E-010
           1          13  -2.8050989675331942E-010
           1          14  -6.6181001239802623E-010
           1          15  -6.7189107166571816E-010
           1          16  -2.4711243270587721E-010
           1          17  -6.1688848734660852E-010
           1          18  -5.5251696958547851E-010
           1          19  -2.0375609985912756E-011
           1          20  -3.2352554867340849E-011
           1          21  -2.4793421132274374E-011
           1          22  -3.1393271457488712E-003
           1          23  -1.6956903342440680E-004
           1          24  -3.5664166604491288E-003
           1          25  -5.1727555488211833E-005
           1          26   1.6069658862825759E-005
           1          27  -3.6077915924534222E-003
           1          28  -6.0856120760013552E-004
           1          29   4.1391207165839710E-005
           1          30  -5.0429027450345524E-004
           1          31   1.2620610119417388E-005
           1          32  -3.9202298228956486E-006
           1          33  -4.9419174235239098E-004
           1          34   1.9847914025575911E-003
           1          35   2.8419964678016383E-004
           1          36   2.7005495986008694E-003
           1          37   8.6727086135773412E-005
           1          38  -2.6943949803860940E-005
           1          39   2.7698935975416904E-003
           2           1 -0.69199238118332640     
           2           2   2.6093176774977080     
           2           3  -1.1264935188667171     
           2           4  0.10607900434233475     
           2           5  0.16417284411366267     
           2           6   1.4580034451566399E-002
           2           7   1.4282844631976105E-010
           2           8   6.5530441747843673E-010
           2           9  -6.2757296760153380E-010
           2          10  -5.7769931262480188E-010
           2          11  -1.9681115142308878E-009
           2          12   4.7668469056741577E-010
           2          13   1.1008795531550524E-009
           2          14   2.6975914165316028E-009
           2          15   2.4100923467163414E-009
           2          16   9.7238944614136666E-010
           2          17   2.5354299321980150E-009
           2          18   1.9180223567134391E-009
           2          19   7.7711523072189903E-011
           2          20   1.2973547354704336E-010
           2          21   9.7997236612460505E-011
           2          22   7.8588642738856348E-003
           2          23   3.4023672702228146E-004
           2          24   8.7158201295637096E-003
           2          25   1.0378107450341949E-004
           2          26  -3.2240252594374016E-005
           2          27   8.7988388769152798E-003
           2          28  -7.6811098285153477E-004
           2          29  -1.0413160286920501E-004
           2          30  -1.0304669451454175E-003
           2          31  -3.1737056565219303E-005
           2          32   9.8573750973077851E-006
           2          33  -1.0558720217946202E-003
           2          34  -8.1660572127730605E-003
           2          35  -1.0125525088107365E-003
           2          36  -1.0716174093652508E-002
           2          37  -3.0899430342986949E-004
           2          38   9.5996897734021826E-005
           2          39  -1.0963234280090432E-002
           3           1  0.31157890765576279     
           3           2  -1.1264935188667171     
           3           3   2.7451539749291216     
           3           4 -0.32076585404036639     
           3           5 -0.46280851117923505     
           3           6  -4.2147731640295331E-002
           3           7  -7.5920674310087674E-010
           3           8  -4.7877206285482432E-010
           3           9  -5.3178956825419974E-009
           3          10   9.7154290421101585E-010
           3          11  -1.0652603090155856E-010
           3          12   8.5222755756778529E-009
           3          13  -2.7274879835871148E-009
           3          14  -5.9867391606244729E-009
           3          15  -7.6586094583596028E-009
           3          16  -2.3482251311492309E-009
           3          17  -5.5001772842554143E-009
           3          18  -6.0256165178510256E-009
           3          19  -2.1283743179042482E-010
           3          20  -3.0761514833126628E-010
           3          21  -3.0634525393973337E-010
           3          22  -1.1823117373075016E-002
           3          23  -2.7669158509231306E-003
           3          24  -1.8791794872342418E-002
           3          25  -8.4433132047525552E-004
           3          26   2.6230855354469207E-004
           3          27  -1.9466901222470072E-002
           3          28  -6.9107689580299170E-003
           3          29   5.8109138491565290E-004
           3          30  -5.4470414977667104E-003
           3          31   1.7726732047655680E-004
           3          32  -5.5066592177220987E-005
           3          33  -5.3052705168228492E-003
           3          34   2.0367834990890111E-002
           3          35   3.1400856997799995E-003
           3          36   2.8276178541660396E-002
           3          37   9.5821158223066238E-004
           3          38  -2.9769183761244771E-004
           3          39   2.9042353858189249E-002
           4           1  -2.8250076918239796E-002
           4           2  0.10607900434233475     
           4           3 -0.32076585404036639     
           4           4  0.61143394842164822     
           4           5  0.58610797744980991     
           4           6   4.1180342881922391E-002
           4           7   1.0892012833510504E-009
           4           8   4.3581338003887547E-009
           4           9  -2.7094617134673321E-009
           4          10  -3.4149783356936797E-009
           4          11  -1.2708537211624680E-008
           4          12   5.8279583084287596E-009
           4          13   5.0335862930691399E-009
           4          14   1.2625970621413895E-008
           4          15   1.0655479380259531E-008
           4          16   4.9184411528241640E-009
           4          17   1.2598136855085056E-008
           4          18   9.0865034633842971E-009
           4          19   2.9989375204198462E-010
           4          20   5.0968572755627823E-010
           4          21   3.6228198370948690E-010
           4          22  -1.5968523749441202E-003
           4          23   1.9594403115217795E-003
           4          24   3.3380180900097257E-003
           4          25   5.9799801678207245E-004
           4          26  -1.8578327809154412E-004
           4          27   3.8161062013865334E-003
           4          28  -1.1025229136829642E-003
           4          29  -3.9403285976994350E-004
           4          30  -2.0951151139603965E-003
           4          31  -1.2021984196210200E-004
           4          32   3.7344763076689646E-005
           4          33  -2.1912392516120135E-003
           4          34  -8.8035195290634694E-003
           4          35  -4.4615579734261328E-003
           4          36  -2.0040052367673856E-002
           4          37  -1.3614433655752731E-003
           4          38   4.2296429303065439E-004
           4          39  -2.1128664317700240E-002
           5           1  -4.3597886656822460E-002
           5           2  0.16417284411366267     
           5           3 -0.46280851117923505     
           5           4  0.58610797744980991     
           5           5  0.57367442880459130     
           5           6   4.1414060353318495E-002
           5           7  -3.6784676915727854E-010
           5           8  -4.9713716247264978E-009
           5           9   1.0001252840840388E-008
           5          10  -2.4606528166290251E-010
           5          11   1.1931205110775462E-008
           5          12  -3.5187362429501621E-008
           5          13   3.2112245860829573E-009
           5          14   5.6001639532878385E-009
           5          15   1.1877919468359541E-008
           5          16   3.0388772840301460E-009
           5          17   5.2739660930406075E-009
           5          18   1.0659739815539154E-008
           5          19   2.3447888110430367E-010
           5          20   2.3554939551804142E-010
           5          21   3.0170061968051361E-010
           5          22  -1.1306476523314370E-002
           5          23   7.9910861886031449E-003
           5          24   8.8207042344395897E-003
           5          25   2.4374570363356663E-003
           5          26  -7.5721268895224221E-004
           5          27   1.0770556448419968E-002
           5          28   4.5547115205041636E-004
           5          29  -1.4610539951486132E-003
           5          30  -3.2244235885839235E-003
           5          31  -4.4583265621754098E-004
           5          32   1.3850443195998689E-004
           5          33  -3.5808981886900747E-003
           5          34  -9.1357632443057890E-003
           5          35  -4.6890446339322954E-003
           5          36  -2.0945220562100283E-002
           5          37  -1.4308677483368978E-003
           5          38   4.4453277520368556E-004
           5          39  -2.2089338216953844E-002
           6           1  -3.9120237413586764E-003
           6           2   1.4580034451566399E-002
           6           3  -4.2147731640295331E-002
           6           4   4.1180342881922391E-002
           6           5   4.1414060353318495E-002
           6           6   3.1406570097586360E-003
           6           7  -1.8011584604765097E-010
           6           8  -1.3732457913640453E-009
           6           9   2.5372686118960957E-009
           6          10   3.7543452169357175E-010
           6          11   3.6705097023238261E-009
           6          12  -7.9897586044550392E-009
           6          13   4.7333921251745816E-011
           6          14   9.5380315325661330E-010
           6          15  -8.4757455708906999E-010
           6          16  -1.4030015501537769E-012
           6          17   7.3426291588708975E-010
           6          18  -7.4215625704332669E-010
           6          19  -4.3004348656079688E-012
           6          20   1.1486107883877580E-011
           6          21  -3.7880124667276024E-011
           6          22  -2.2363664471226324E-003
           6          23   1.4182058693536146E-003
           6          24   1.3356829834180941E-003
           6          25   4.3257465867917801E-004
           6          26  -1.3438192139105778E-004
           6          27   1.6817310282170950E-003
           6          28   3.1763192452989770E-004
           6          29  -3.4904690301217474E-004
           6          30  -5.6146395735403557E-004
           6          31  -1.0651233341734428E-004
           6          32   3.3090298875437206E-005
           6          33  -6.4662916724813832E-004
           6          34  -6.2818718548643035E-004
           6          35  -4.1964770026832856E-004
           6          36  -1.6850789390234181E-003
           6          37  -1.2805648367688200E-004
           6          38   3.9783760798268807E-005
           6          39  -1.7874720553226128E-003
           7           1  -3.8365739498055000E-011
           7           2   1.4282844631976105E-010
           7           3  -7.5920674310087674E-010
           7           4   1.0892012833510504E-009
           7           5  -3.6784676915727854E-010
           7           6  -1.8011584604765097E-010
           7           7   2.3234506754272712     
           7           8  -2.3327427384259125E-003
           7           9  -7.1182977772613857E-004
           7          10 -0.88534184175787212     
           7          11   6.7297174154287917E-003
           7          12   2.0535427415450842E-003
           7          13   8.3409941340820970E-002
           7          14  -1.3363896459968936E-002
           7          15  -4.0780531317753301E-003
           7          16   9.9680089116812920E-002
           7          17  -1.3752772870800881E-002
           7          18  -4.1965610317099998E-003
           7          19   8.5963476975944308E-003
           7          20  -2.5306865188465854E-003
           7          21  -7.7225048546833094E-004
           7          22   2.3522405449268084E-010
           7          23   1.0480428538549320E-010
           7          24   4.6801401385064434E-010
           7          25   4.3666618296017082E-010
           7          26  -1.4525546889137809E-010
           7          27   1.9718327791666596E-011
           7          28  -2.0954070901146113E-010
           7          29  -4.4248494014821742E-010
           7          30   4.1548876737909082E-011
           7          31  -5.3958094661498493E-010
           7          32   9.8416652617811545E-011
           7          33   3.4636547991610542E-010
           7          34  -1.3071433498168005E-011
           7          35  -2.2051701442248775E-010
           7          36   2.7450063666523252E-010
           7          37   8.8412631254593354E-011
           7          38  -1.2742257393373659E-010
           7          39   5.5350170903465248E-010
           8           1  -9.9154792861820599E-011
           8           2   6.5530441747843673E-010
           8           3  -4.7877206285482432E-010
           8           4   4.3581338003887547E-009
           8           5  -4.9713716247264978E-009
           8           6  -1.3732457913640453E-009
           8           7  -2.3327427384259125E-003
           8           8   2.3166667400408913     
           8           9   2.2114706605293129E-004
           8          10   6.7297176143530481E-003
           8          11 -0.86577088067077734     
           8          12  -6.3798177265921908E-004
           8          13  -1.3363898092202668E-002
           8          14   4.4545723692717483E-002
           8          15   1.2669402292827196E-003
           8          16  -1.3752770080788098E-002
           8          17   5.9684879601531203E-002
           8          18   1.3037533653949965E-003
           8          19  -2.5306849004799016E-003
           8          20   1.2367554152443784E-003
           8          21   2.3991759679985332E-004
           8          22  -4.1757586052273372E-010
           8          23   5.0849134745980308E-010
           8          24   1.3499090520009529E-009
           8          25   1.5022071948582396E-010
           8          26  -1.0295372148861371E-010
           8          27  -3.4985527845543023E-010
           8          28   1.4389301213583086E-009
           8          29   3.9837966899412832E-012
           8          30  -2.6711894515411911E-010
           8          31  -3.0446334712911907E-010
           8          32  -2.5125805972497771E-010
           8          33   1.2066868447556269E-009
           8          34   2.2151283443460810E-009
           8          35  -5.4407667708075176E-010
           8          36   1.1250604639356747E-009
           8          37   7.4908989263672203E-010
           8          38  -1.1056725625643302E-009
           8          39   1.9420652060550454E-009
           9           1  -4.4828806943841420E-011
           9           2  -6.2757296760153380E-010
           9           3  -5.3178956825419974E-009
           9           4  -2.7094617134673321E-009
           9           5   1.0001252840840388E-008
           9           6   2.5372686118960957E-009
           9           7  -7.1182977772613857E-004
           9           8   2.2114706605293129E-004
           9           9   2.3160095006533004     
           9          10   2.0535430070667605E-003
           9          11  -6.3798179998881958E-004
           9          12 -0.86387481367688956     
           9          13  -4.0780541963974177E-003
           9          14   1.2669406673122151E-003
           9          15   4.0780541060056498E-002
           9          16  -4.1965606297702561E-003
           9          17   1.3037541947592043E-003
           9          18   5.5810109312492771E-002
           9          19  -7.7224882648987460E-004
           9          20   2.3991705565920562E-004
           9          21   5.2374987430423058E-004
           9          22   2.2418894929997105E-009
           9          23  -4.3318523271791343E-010
           9          24   3.3544056934638089E-010
           9          25   2.5417706157339573E-010
           9          26   6.9604755878968709E-010
           9          27   2.3552989231420125E-009
           9          28  -9.9011405379922200E-010
           9          29  -3.9987783557839890E-010
           9          30  -7.1165163620758098E-010
           9          31   1.9900974895104065E-010
           9          32  -1.5862665714377726E-009
           9          33  -2.0657494087142849E-009
           9          34  -2.2670146875120248E-009
           9          35   8.8012086721510240E-010
           9          36  -1.7737055932105101E-009
           9          37  -3.6154890093892555E-010
           9          38  -5.1876618440668004E-011
           9          39  -2.8641861109947592E-009
          10           1   1.2402062869812015E-010
          10           2  -5.7769931262480188E-010
          10           3   9.7154290421101585E-010
          10           4  -3.4149783356936797E-009
          10           5  -2.4606528166290251E-010
          10           6   3.7543452169357175E-010
          10           7 -0.88534184175787212     
          10           8   6.7297176143530481E-003
          10           9   2.0535430070667605E-003
          10          10   2.4237136360504890     
          10          11  -1.9420602423281478E-002
          10          12  -5.9260844692973196E-003
          10          13 -0.24607415205460506     
          10          14   3.8570344349442821E-002
          10          15   1.1769774201866994E-002
          10          16 -0.28612687004171389     
          10          17   3.9898990659664034E-002
          10          18   1.2175043345432415E-002
          10          19  -2.5272469466481408E-002
          10          20   7.2854075372603879E-003
          10          21   2.2231417109821955E-003
          10          22   2.8043816008045281E-011
          10          23  -3.6001449968181740E-010
          10          24  -5.3058074956559842E-010
          10          25  -1.1460973535028046E-009
          10          26   3.7203446725116686E-010
          10          27   6.7974291106151334E-010
          10          28   1.0571784747499162E-009
          10          29   1.3390803677536584E-009
          10          30   3.0559006123826739E-010
          10          31   1.4864305144405254E-009
          10          32  -2.4264523296780051E-010
          10          33  -6.0152883703240507E-010
          10          34   2.4424307069507594E-010
          10          35   6.0406557449108540E-010
          10          36  -5.3414668050487502E-010
          10          37  -2.4039273982566035E-010
          10          38   3.4532558488337267E-010
          10          39  -1.3548106273180525E-009
          11           1   2.7032405550687252E-010
          11           2  -1.9681115142308878E-009
          11           3  -1.0652603090155856E-010
          11           4  -1.2708537211624680E-008
          11           5   1.1931205110775462E-008
          11           6   3.6705097023238261E-009
          11           7   6.7297174154287917E-003
          11           8 -0.86577088067077734     
          11           9  -6.3798179998881958E-004
          11          10  -1.9420602423281478E-002
          11          11   2.3672357556556349     
          11          12   1.8410768109324690E-003
          11          13   3.8570348130712563E-002
          11          14 -0.13390564494709606     
          11          15  -3.6565444206875289E-003
          11          16   3.9898982080940525E-002
          11          17 -0.17009455768198764     
          11          18  -3.7824480497499220E-003
          11          19   7.2854037518117129E-003
          11          20  -4.0854414790130640E-003
          11          21  -6.9066972335162262E-004
          11          22   2.0088447539279206E-009
          11          23  -1.4653855562017966E-009
          11          24  -2.7341444474309706E-009
          11          25  -3.4430251362486292E-010
          11          26   2.0925431320062214E-010
          11          27   1.9327348630816092E-009
          11          28  -3.3811432614732862E-009
          11          29   9.7224441434189714E-011
          11          30   1.4329175796312342E-009
          11          31   8.6002921807869427E-010
          11          32   8.0945356519708115E-010
          11          33  -2.9400579492099470E-009
          11          34  -5.9994045001207299E-009
          11          35   1.5278104117632650E-009
          11          36  -2.7607370131073754E-009
          11          37  -2.1297442082761524E-009
          11          38   3.1010284494707499E-009
          11          39  -5.1100906596777409E-009
          12           1   3.1595163703881608E-010
          12           2   4.7668469056741577E-010
          12           3   8.5222755756778529E-009
          12           4   5.8279583084287596E-009
          12           5  -3.5187362429501621E-008
          12           6  -7.9897586044550392E-009
          12           7   2.0535427415450842E-003
          12           8  -6.3798177265921908E-004
          12           9 -0.86387481367688956     
          12          10  -5.9260844692973196E-003
          12          11   1.8410768109324690E-003
          12          12   2.3617640893201539     
          12          13   1.1769774407260665E-002
          12          14  -3.6565448437218956E-003
          12          15 -0.12303871043195054     
          12          16   1.2175041202530086E-002
          12          17  -3.7824499577359377E-003
          12          18 -0.15885324435776746     
          12          19   2.2231393013283705E-003
          12          20  -6.9066894383129174E-004
          12          21  -2.0328189305155375E-003
          12          22  -2.0636806535372276E-009
          12          23   1.2022352101755099E-009
          12          24   3.0401478513051912E-009
          12          25  -6.9328417464742563E-010
          12          26  -1.9368522757202401E-009
          12          27  -2.4339195384156268E-009
          12          28   5.3365869438215811E-009
          12          29   1.1164657944025965E-009
          12          30   4.5055361089172247E-009
          12          31  -5.4333977489076360E-010
          12          32   4.4519722522994217E-009
          12          33   8.1944441134139311E-009
          12          34   7.5529752366783764E-009
          12          35  -2.5089076439369041E-009
          12          36   6.2889837677802835E-009
          12          37   8.9148558735221522E-010
          12          38   2.7746695480219367E-010
          12          39   9.4080359495236429E-009
          13           1  -2.8050989675331942E-010
          13           2   1.1008795531550524E-009
          13           3  -2.7274879835871148E-009
          13           4   5.0335862930691399E-009
          13           5   3.2112245860829573E-009
          13           6   4.7333921251745816E-011
          13           7   8.3409941340820970E-002
          13           8  -1.3363898092202668E-002
          13           9  -4.0780541963974177E-003
          13          10 -0.24607415205460506     
          13          11   3.8570348130712563E-002
          13          12   1.1769774407260665E-002
          13          13  0.58283284713752725     
          13          14  -7.4307685671507653E-002
          13          15  -2.2674977174269282E-002
          13          16  0.57629677715091665     
          13          17  -8.1308029119857808E-002
          13          18  -2.4811018217367854E-002
          13          19   5.4831981326051188E-002
          13          20  -1.4427655340770458E-002
          13          21  -4.4025734278406526E-003
          13          22   2.4927174619820951E-010
          13          23  -3.3174690464715575E-010
          13          24   6.7319366773559156E-010
          13          25   3.5554787638695981E-009
          13          26  -9.2299916916737544E-010
          13          27  -1.1238920033797427E-009
          13          28  -2.2968029579337927E-009
          13          29  -3.2576077917469332E-009
          13          30  -3.4154026300566060E-010
          13          31  -1.8690600051280791E-009
          13          32  -3.8000321843411939E-010
          13          33   1.4639802057000696E-009
          13          34  -1.2207174946517932E-009
          13          35  -1.0179913562681511E-009
          13          36   3.6789845616400068E-010
          13          37  -2.4165536082381500E-010
          13          38   1.9702961624580238E-011
          13          39   1.8157664509295359E-009
          14           1  -6.6181001239802623E-010
          14           2   2.6975914165316028E-009
          14           3  -5.9867391606244729E-009
          14           4   1.2625970621413895E-008
          14           5   5.6001639532878385E-009
          14           6   9.5380315325661330E-010
          14           7  -1.3363896459968936E-002
          14           8   4.4545723692717483E-002
          14           9   1.2669406673122151E-003
          14          10   3.8570344349442821E-002
          14          11 -0.13390564494709606     
          14          12  -3.6565448437218956E-003
          14          13  -7.4307685671507653E-002
          14          14  0.36673450298530197     
          14          15   7.0444871914986341E-003
          14          16  -8.1308002377893374E-002
          14          17  0.33984070152894896     
          14          18   7.7080984473845322E-003
          14          19  -1.4427648049095089E-002
          14          20   1.2874240086868556E-002
          14          21   1.3677586344288228E-003
          14          22  -1.2749314151275445E-009
          14          23   7.0593095126450072E-010
          14          24   1.6219607962000680E-009
          14          25   1.1532846352573690E-009
          14          26   8.9455277169948528E-010
          14          27  -1.1626556348273201E-009
          14          28   1.5826602606661181E-009
          14          29  -3.0374325608560134E-009
          14          30  -5.8376484320959357E-009
          14          31   6.9628315682910509E-010
          14          32  -5.0612119830998931E-009
          14          33   2.9762133925752217E-009
          14          34   4.1157969839526300E-009
          14          35  -2.0416334447114497E-009
          14          36  -2.2346345770265127E-009
          14          37   1.3455995418425996E-009
          14          38  -2.8202165941625907E-009
          14          39   1.7807387633485802E-009
          15           1  -6.7189107166571816E-010
          15           2   2.4100923467163414E-009
          15           3  -7.6586094583596028E-009
          15           4   1.0655479380259531E-008
          15           5   1.1877919468359541E-008
          15           6  -8.4757455708906999E-010
          15           7  -4.0780531317753301E-003
          15           8   1.2669402292827196E-003
          15           9   4.0780541060056498E-002
          15          10   1.1769774201866994E-002
          15          11  -3.6565444206875289E-003
          15          12 -0.12303871043195054     
          15          13  -2.2674977174269282E-002
          15          14   7.0444871914986341E-003
          15          15  0.34579881465960965     
          15          16  -2.4811013306468822E-002
          15          17   7.7080978291175755E-003
          15          18  0.31693265946686267     
          15          19  -4.4025701317240411E-003
          15          20   1.3677605460192736E-003
          15          21   8.8093267882317569E-003
          15          22  -6.1622210571517450E-010
          15          23  -8.3910727247451944E-010
          15          24   2.1265672147366986E-011
          15          25   1.6524757682769324E-009
          15          26   1.8786048018154203E-009
          15          27   9.4660089576559099E-010
          15          28   2.0716027544538210E-009
          15          29   3.7533836359673661E-010
          15          30   7.8138168760781758E-010
          15          31  -9.1727608533596684E-010
          15          32  -5.9831779492796475E-009
          15          33  -7.7543695200160220E-009
          15          34   1.5150924234972059E-009
          15          35   3.9384033741167541E-009
          15          36   2.4478892642254205E-009
          15          37   1.9797663537199447E-009
          15          38  -4.3113946105979122E-009
          15          39  -2.5545054297061563E-009
          16           1  -2.4711243270587721E-010
          16           2   9.7238944614136666E-010
          16           3  -2.3482251311492309E-009
          16           4   4.9184411528241640E-009
          16           5   3.0388772840301460E-009
          16           6  -1.4030015501537769E-012
          16           7   9.9680089116812920E-002
          16           8  -1.3752770080788098E-002
          16           9  -4.1965606297702561E-003
          16          10 -0.28612687004171389     
          16          11   3.9898982080940525E-002
          16          12   1.2175041202530086E-002
          16          13  0.57629677715091665     
          16          14  -8.1308002377893374E-002
          16          15  -2.4811013306468822E-002
          16          16  0.57113495751097365     
          16          17  -8.7685754161160687E-002
          16          18  -2.6757078246342225E-002
          16          19   5.4783798141187154E-002
          16          20  -1.4640480252266483E-002
          16          21  -4.4675148350697578E-003
          16          22   9.1672892138913201E-010
          16          23   2.8073949822697112E-009
          16          24  -7.6134673539074595E-010
          16          25  -2.2836275084348405E-009
          16          26   1.3259251231359707E-009
          16          27  -3.5007949446255296E-010
          16          28  -2.2541733073216317E-009
          16          29  -2.8566621694631179E-009
          16          30  -2.2618139569814876E-010
          16          31  -1.7502502033512601E-009
          16          32  -3.0171412082314866E-010
          16          33   1.5144523210628314E-009
          16          34  -1.1791462835061049E-009
          16          35  -7.5291598193369660E-010
          16          36   3.3162714265557371E-010
          16          37  -1.6893655561791353E-010
          16          38   1.2213321667778721E-011
          16          39   1.7763280006691200E-009
          17           1  -6.1688848734660852E-010
          17           2   2.5354299321980150E-009
          17           3  -5.5001772842554143E-009
          17           4   1.2598136855085056E-008
          17           5   5.2739660930406075E-009
          17           6   7.3426291588708975E-010
          17           7  -1.3752772870800881E-002
          17           8   5.9684879601531203E-002
          17           9   1.3037541947592043E-003
          17          10   3.9898990659664034E-002
          17          11 -0.17009455768198764     
          17          12  -3.7824499577359377E-003
          17          13  -8.1308029119857808E-002
          17          14  0.33984070152894896     
          17          15   7.7080978291175755E-003
          17          16  -8.7685754161160687E-002
          17          17  0.31613171326489664     
          17          18   8.3126887724938679E-003
          17          19  -1.4640478077110173E-002
          17          20   1.2207135724368601E-002
          17          21   1.3879346876804195E-003
          17          22   3.1737477746827922E-012
          17          23   3.9560484228384680E-009
          17          24   9.4263578013524773E-010
          17          25  -1.4055878301586424E-009
          17          26   2.7948631155779489E-009
          17          27  -1.7272010415963091E-009
          17          28   1.3012250758270633E-009
          17          29  -2.5298703885935443E-009
          17          30  -5.0473383603203114E-009
          17          31   6.5267669771339987E-010
          17          32  -4.6183658653832486E-009
          17          33   3.0819166756264522E-009
          17          34   3.7887957383460106E-009
          17          35  -1.8360076669637605E-009
          17          36  -1.8773531130915531E-009
          17          37   1.2463084653706393E-009
          17          38  -2.6141785103893551E-009
          17          39   1.8056143978081950E-009
          18           1  -5.5251696958547851E-010
          18           2   1.9180223567134391E-009
          18           3  -6.0256165178510256E-009
          18           4   9.0865034633842971E-009
          18           5   1.0659739815539154E-008
          18           6  -7.4215625704332669E-010
          18           7  -4.1965610317099998E-003
          18           8   1.3037533653949965E-003
          18           9   5.5810109312492771E-002
          18          10   1.2175043345432415E-002
          18          11  -3.7824480497499220E-003
          18          12 -0.15885324435776746     
          18          13  -2.4811018217367854E-002
          18          14   7.7080984473845322E-003
          18          15  0.31693265946686267     
          18          16  -2.6757078246342225E-002
          18          17   8.3126887724938679E-003
          18          18  0.29142673409027064     
          18          19  -4.4675086201449625E-003
          18          20   1.3879350351853410E-003
          18          21   8.0822577779385736E-003
          18          22  -1.7160536123057997E-009
          18          23   1.6168535731017088E-011
          18          24  -1.0894244215282164E-009
          18          25  -4.9222619282500310E-010
          18          26   2.3570742925093941E-009
          18          27   3.1233087604988754E-009
          18          28   1.6051616563497595E-009
          18          29   4.6257066668492860E-010
          18          30   8.1971415061952616E-010
          18          31  -7.9829912325984645E-010
          18          32  -5.5315472848113253E-009
          18          33  -6.9430485909307962E-009
          18          34   1.1894999058161073E-009
          18          35   3.6774258486228718E-009
          18          36   2.2068778496428588E-009
          18          37   1.7798430354048287E-009
          18          38  -3.9240320349551608E-009
          18          39  -2.3740954626040869E-009
          19           1  -2.0375609985912756E-011
          19           2   7.7711523072189903E-011
          19           3  -2.1283743179042482E-010
          19           4   2.9989375204198462E-010
          19           5   2.3447888110430367E-010
          19           6  -4.3004348656079688E-012
          19           7   8.5963476975944308E-003
          19           8  -2.5306849004799016E-003
          19           9  -7.7224882648987460E-004
          19          10  -2.5272469466481408E-002
          19          11   7.2854037518117129E-003
          19          12   2.2231393013283705E-003
          19          13   5.4831981326051188E-002
          19          14  -1.4427648049095089E-002
          19          15  -4.4025701317240411E-003
          19          16   5.4783798141187154E-002
          19          17  -1.4640478077110173E-002
          19          18  -4.4675086201449625E-003
          19          19   5.7107412921593419E-003
          19          20  -1.7103076789360793E-003
          19          21  -5.2189745565208801E-004
          19          22   8.5206010364494726E-012
          19          23  -1.6421900975910041E-010
          19          24   6.9210362814120595E-011
          19          25   2.0226529846010510E-010
          19          26  -1.0941803128979985E-010
          19          27  -8.0813636252180920E-011
          19          28  -1.1537827871163663E-010
          19          29  -8.1457461315977459E-012
          19          30  -5.1159844930774898E-012
          19          31  -1.5407154069051693E-011
          19          32   1.2602943579279585E-013
          19          33   9.4650136057037546E-011
          19          34  -6.2165715356583983E-011
          19          35   1.3176938372951448E-010
          19          36  -3.6890699164653879E-011
          19          37   8.2065888726369719E-011
          19          38  -2.0848449739392284E-011
          19          39   9.4004257203338553E-011
          20           1  -3.2352554867340849E-011
          20           2   1.2973547354704336E-010
          20           3  -3.0761514833126628E-010
          20           4   5.0968572755627823E-010
          20           5   2.3554939551804142E-010
          20           6   1.1486107883877580E-011
          20           7  -2.5306865188465854E-003
          20           8   1.2367554152443784E-003
          20           9   2.3991705565920562E-004
          20          10   7.2854075372603879E-003
          20          11  -4.0854414790130640E-003
          20          12  -6.9066894383129174E-004
          20          13  -1.4427655340770458E-002
          20          14   1.2874240086868556E-002
          20          15   1.3677605460192736E-003
          20          16  -1.4640480252266483E-002
          20          17   1.2207135724368601E-002
          20          18   1.3879350351853410E-003
          20          19  -1.7103076789360793E-003
          20          20   7.3691463539905214E-004
          20          21   1.6213937442145112E-004
          20          22  -3.8134882414139632E-010
          20          23  -6.1088002042642065E-010
          20          24   2.2927779314334791E-010
          20          25  -4.5200853741669280E-010
          20          26   5.5017343109862593E-011
          20          27   1.3042735916623103E-010
          20          28  -6.9577108943855903E-012
          20          29  -4.6285178510222047E-011
          20          30  -6.4217259133212100E-011
          20          31   1.8500753417946268E-011
          20          32  -1.3174487392512659E-010
          20          33   1.4655161747643005E-010
          20          34   8.3346379494057789E-011
          20          35  -8.4127975190212585E-011
          20          36  -1.6899001849660667E-011
          20          37   7.8936315964419479E-012
          20          38  -6.3020190861897951E-011
          20          39   5.4917142738221461E-011
          21           1  -2.4793421132274374E-011
          21           2   9.7997236612460505E-011
          21           3  -3.0634525393973337E-010
          21           4   3.6228198370948690E-010
