           1           1   1.9999014410235914     
           1           2   9.4883212955829046E-004
           1           3  -8.4590126762231876E-004
           1           4   1.4743387681603070E-003
           1           5  -4.0565193214660785E-005
           1           6  -1.0365639764165391E-011
           1           7  -1.4161259062043772E-012
           1           8  -1.2016152040312477E-011
           1           9  -3.5739572543039648E-011
           1          10  -4.9613862714123501E-012
           1          11  -7.9359385979074197E-011
           1          12   2.7746124894722929E-012
           1          13   3.2744903718634106E-013
           1          14   4.2968176077242583E-012
           1          15  -1.3795208459910450E-012
           1          16  -1.4771922817445497E-013
           1          17  -2.9083848472113392E-012
           1          18  -7.8624561742968895E-004
           1          19  -2.5927323147007191E-005
           1          20  -8.3118939364843804E-004
           1          21   6.1618815709112407E-006
           1          22   1.4884610029592845E-005
           1          23  -7.8001384230059296E-004
           1          24  -1.0999711106917065E-004
           1          25  -1.1560024949730673E-005
           1          26  -1.3003585957293979E-004
           1          27   2.7473527676646168E-006
           1          28   6.6364909017843794E-006
           1          29  -1.0721859461315766E-004
           2           1   9.4883212955829046E-004
           2           2   2.0207332700675198     
           2           3   2.4281812935135295E-002
           2           4  -2.6815323046109001E-002
           2           5  -1.1030400123012712E-002
           2           6  -6.9320517412487837E-011
           2           7   9.5396755598247944E-012
           2           8  -2.8350292784376728E-011
           2           9  -2.2517500866369705E-010
           2          10  -1.0579050796932857E-011
           2          11  -5.0378615603027735E-010
           2          12  -3.3945319181697203E-011
           2          13  -1.7758291141766295E-011
           2          14  -5.3590692767538497E-011
           2          15  -4.3269020129964780E-012
           2          16   1.8787188662800507E-012
           2          17  -1.1657425205696996E-011
           2          18  -6.8026492580294702E-003
           2          19   1.4823749017449063E-004
           2          20  -6.5456868074070832E-003
           2          21  -3.5230096009839415E-005
           2          22  -8.5101593407625037E-005
           2          23  -6.8382789934254666E-003
           2          24   9.3254434386966650E-003
           2          25  -2.1452753590046734E-004
           2          26   8.9535702940822786E-003
           2          27   5.0984565595505976E-005
           2          28   1.2315804030119831E-004
           2          29   9.3770063314033477E-003
           3           1  -8.4590126762231876E-004
           3           2   2.4281812935135295E-002
           3           3   1.9418927562734489     
           3           4  -1.3064951379104621E-004
           3           5   8.2121738406236863E-002
           3           6  -7.6810522261109469E-011
           3           7   5.9809718396888900E-011
           3           8  -2.5090743236213373E-011
           3           9  -1.4694812442947494E-009
           3          10   8.2600628503354705E-010
           3          11  -2.2763967941171762E-009
           3          12   2.6440899364311494E-010
           3          13  -3.1691858874703277E-010
           3          14   2.9675839577643877E-010
           3          15   1.7836547154062680E-010
           3          16  -2.3705623751012343E-011
           3          17   2.5718474940951898E-010
           3          18  -7.1611626850921067E-005
           3          19   2.6200550732478414E-003
           3          20   4.4701283899052195E-003
           3          21  -6.2268217881595450E-004
           3          22  -1.5041468608197536E-003
           3          23  -7.0135687202352651E-004
           3          24  -2.4957222511224546E-002
           3          25  -4.6514179695785873E-003
           3          26  -3.3020232192289022E-002
           3          27   1.1054555093735203E-003
           3          28   2.6703313160079374E-003
           3          29  -2.3839227619955359E-002
           4           1   1.4743387681603070E-003
           4           2  -2.6815323046109001E-002
           4           3  -1.3064951379104621E-004
           4           4   7.1425447680230683E-004
           4           5   4.1877942094329377E-004
           4           6   2.7373719907249971E-010
           4           7   2.9578121544005124E-011
           4           8   2.9427284517821701E-010
           4           9  -1.1805302045009448E-009
           4          10   1.0762275140693175E-010
           4          11  -1.6051560659436791E-009
           4          12   3.1350521686000376E-011
           4          13  -5.5500828777316236E-013
           4          14   4.5283653920951933E-011
           4          15  -4.4424892618257337E-011
           4          16   3.7105253201018957E-012
           4          17  -6.0868017617690626E-011
           4          18  -5.2489765258922644E-004
           4          19   6.8776475571009237E-004
           4          20   6.6730958370904338E-004
           4          21  -1.6345399971418300E-004
           4          22  -3.9483865964553384E-004
           4          23  -6.9020571256014679E-004
           4          24  -3.6977149599286670E-004
           4          25   2.8304809362533962E-004
           4          26   1.2087882431656316E-004
           4          27  -6.7269152975586011E-005
           4          28  -1.6249499724262532E-004
           4          29  -4.3780369007817929E-004
           5           1  -4.0565193214660785E-005
           5           2  -1.1030400123012712E-002
           5           3   8.2121738406236863E-002
           5           4   4.1877942094329377E-004
           5           5   3.7476659859081033E-003
           5           6   9.6954445374506810E-011
           5           7   1.4511214912555085E-011
           5           8   1.3289348042025460E-010
           5           9   4.6608882926319800E-009
           5          10   7.0055635089811001E-011
           5          11   8.2775352747713459E-009
           5          12  -1.4517710046782460E-010
           5          13  -1.2189995299450462E-011
           5          14  -2.6042958178968238E-010
           5          15   1.6999588627145229E-010
           5          16   1.7432060825859906E-013
           5          17   2.9965514277114768E-010
           5          18  -4.3891721078837995E-004
           5          19   6.4742731969960100E-004
           5          20   6.8336701879034443E-004
           5          21  -1.5386743791664907E-004
           5          22  -3.7168136327044401E-004
           5          23  -5.9452996764506054E-004
           5          24  -1.3000761978496705E-003
           5          25   2.3481584936510091E-005
           5          26  -1.2593719645502643E-003
           5          27  -5.5806097005024036E-006
           5          28  -1.3480530571943029E-005
           5          29  -1.3057201054451279E-003
           6           1  -1.0365639764165391E-011
           6           2  -6.9320517412487837E-011
           6           3  -7.6810522261109469E-011
           6           4   2.7373719907249971E-010
           6           5   9.6954445374506810E-011
           6           6   1.9999966263294238     
           6           7   5.8765351151092134E-004
           6           8  -1.3966169554616766E-004
           6           9   7.6787875358798937E-004
           6          10   2.8879211771463747E-003
           6          11  -6.8634336097234735E-004
           6          12  -5.2176500494269663E-004
           6          13  -3.3312414066163903E-003
           6          14   7.9170197205171225E-004
           6          15   2.1718448716614961E-003
           6          16   2.9093049154491372E-004
           6          17  -6.9142492758451457E-005
           6          18  -6.6883852121340410E-011
           6          19   1.7235547886169733E-011
           6          20  -9.7718525505346254E-011
           6          21   3.8281645226393436E-011
           6          22   1.0618472957390083E-011
           6          23  -9.2757553739697165E-011
           6          24  -8.0559625889348316E-011
           6          25  -2.8807098220214341E-013
           6          26  -6.1115254168841901E-011
           6          27  -1.3074512710310597E-011
           6          28  -6.0622624829780143E-012
           6          29  -7.3303565820378284E-011
           7           1  -1.4161259062043772E-012
           7           2   9.5396755598247944E-012
           7           3   5.9809718396888900E-011
           7           4   2.9578121544005124E-011
           7           5   1.4511214912555085E-011
           7           6   5.8765351151092134E-004
           7           7   2.0011728693939030     
           7           8  -3.3736308215712873E-004
           7           9   2.8879217116875998E-003
           7          10   6.5483980315805788E-003
           7          11  -1.6579267114420146E-003
           7          12  -3.3312414354792199E-003
           7          13  -7.1896412533544035E-003
           7          14   1.9124318657451219E-003
           7          15   2.9093051952326811E-004
           7          16   2.7541769382600709E-003
           7          17  -1.6702026691789473E-004
           7          18  -2.7954003848794417E-011
           7          19   1.6877809745250699E-011
           7          20   1.8124898961095955E-012
           7          21  -3.4804189442543805E-012
           7          22   3.0279941706663043E-011
           7          23  -4.0516848397791850E-011
           7          24  -7.9863694104763984E-012
           7          25  -9.4861040811690371E-012
           7          26  -2.4516632489979794E-011
           7          27  -2.8317314206772560E-012
           7          28  -1.6501648406133495E-011
           7          29  -7.7627885995598364E-012
           8           1  -1.2016152040312477E-011
           8           2  -2.8350292784376728E-011
           8           3  -2.5090743236213373E-011
           8           4   2.9427284517821701E-010
           8           5   1.3289348042025460E-010
           8           6  -1.3966169554616766E-004
           8           7  -3.3736308215712873E-004
           8           8   1.9998335269960548     
           8           9  -6.8634311611129122E-004
           8          10  -1.6579266023804043E-003
           8          11  -3.3631257914954913E-005
           8          12   7.9170198096211244E-004
           8          13   1.9124319940838058E-003
           8          14   4.0278276042321785E-004
           8          15  -6.9142470103415190E-005
           8          16  -1.6702027022155201E-004
           8          17   2.0911004465077434E-003
           8          18  -1.3928112221746348E-010
           8          19  -8.3217783221289788E-012
           8          20  -1.2366146395307790E-010
           8          21   1.4193633811978670E-011
           8          22   2.5460746328108477E-012
           8          23  -8.5646530168050979E-011
           8          24  -7.3051407747714716E-011
           8          25   8.6940644172267050E-012
           8          26  -8.7951533036147680E-011
           8          27  -1.5948760456932049E-011
           8          28  -1.7655231116312668E-011
           8          29  -1.1074550735964195E-010
           9           1  -3.5739572543039648E-011
           9           2  -2.2517500866369705E-010
           9           3  -1.4694812442947494E-009
           9           4  -1.1805302045009448E-009
           9           5   4.6608882926319800E-009
           9           6   7.6787875358798937E-004
           9           7   2.8879217116875998E-003
           9           8  -6.8634311611129122E-004
           9           9  0.88170718166356843     
           9          10 -0.34547905838853538     
           9          11   8.2106461712831702E-002
           9          12  -2.8187057248416400E-002
           9          13   1.1030521953096563E-002
           9          14  -2.6215069726888154E-003
           9          15   3.0805996108074139E-002
           9          16  -1.2066519978420277E-002
           9          17   2.8677284824537102E-003
           9          18   1.9933896073311288E-010
           9          19   2.5022697379119826E-010
           9          20  -4.0839743210204906E-011
           9          21   2.6759036739875520E-010
           9          22  -8.0361510858207129E-010
           9          23  -4.2407525833649406E-010
           9          24   1.6602698950645978E-011
           9          25   5.5717685343292596E-010
           9          26  -1.0180161149441975E-009
           9          27  -3.0255389105574790E-010
           9          28  -6.0146642681172168E-010
           9          29  -4.3906795166747667E-010
          10           1  -4.9613862714123501E-012
          10           2  -1.0579050796932857E-011
          10           3   8.2600628503354705E-010
          10           4   1.0762275140693175E-010
          10           5   7.0055635089811001E-011
          10           6   2.8879211771463747E-003
          10           7   6.5483980315805788E-003
          10           8  -1.6579266023804043E-003
          10           9 -0.34547905838853538     
          10          10  0.19019008616382779     
          10          11  0.19833596660720201     
          10          12   1.1030523212800975E-002
          10          13  -6.1081667524389167E-003
          10          14  -6.3325087903915722E-003
          10          15  -1.2066518869932388E-002
          10          16   6.6534330803130932E-003
          10          17   6.9272648440297322E-003
          10          18  -1.7405525021995136E-010
          10          19  -6.0862394589784025E-011
          10          20   1.5461441186598522E-010
          10          21  -3.5888180724447284E-010
          10          22  -1.5322914031167345E-011
          10          23  -2.1827178790828700E-011
          10          24  -1.2413446410755362E-010
          10          25   4.0954278190656031E-011
          10          26  -5.1055556676507521E-011
          10          27   1.2775593024275952E-010
          10          28  -1.4072804711704803E-010
          10          29  -2.2448333301097425E-010
          11           1  -7.9359385979074197E-011
          11           2  -5.0378615603027735E-010
          11           3  -2.2763967941171762E-009
          11           4  -1.6051560659436791E-009
          11           5   8.2775352747713459E-009
          11           6  -6.8634336097234735E-004
          11           7  -1.6579267114420146E-003
          11           8  -3.3631257914954913E-005
          11           9   8.2106461712831702E-002
          11          10  0.19833596660720201     
          11          11  0.97759097179404697     
          11          12  -2.6215039085961127E-003
          11          13  -6.3325072587039266E-003
          11          14  -3.1248446749427394E-002
          11          15   2.8677300432533590E-003
          11          16   6.9272647650942213E-003
          11          17   3.4154926860651698E-002
          11          18  -3.8272387939009571E-010
          11          19   1.7293610264948209E-010
          11          20   5.7056972382744464E-010
          11          21  -1.0426019734627912E-009
          11          22  -1.4612449943022992E-009
          11          23  -8.2591987739944948E-010
          11          24  -4.5137856673900854E-010
          11          25   1.1498748595832327E-009
          11          26  -1.9341974700892266E-009
          11          27   9.0080752696740096E-012
          11          28  -1.6434616603861651E-009
          11          29  -1.6692009179902209E-009
          12           1   2.7746124894722929E-012
          12           2  -3.3945319181697203E-011
          12           3   2.6440899364311494E-010
          12           4   3.1350521686000376E-011
          12           5  -1.4517710046782460E-010
          12           6  -5.2176500494269663E-004
          12           7  -3.3312414354792199E-003
          12           8   7.9170198096211244E-004
          12           9  -2.8187057248416400E-002
          12          10   1.1030523212800975E-002
          12          11  -2.6215039085961127E-003
          12          12   9.1124610137744604E-004
          12          13  -3.4110335242819659E-004
          12          14   8.1066171557891170E-005
          12          15  -9.8621905333734364E-004
          12          16   3.8129778178505933E-004
          12          17  -9.0618955083184827E-005
          12          18   7.5249953074608477E-012
          12          19  -2.3398286214533412E-011
          12          20  -1.1504620597598828E-011
          12          21  -4.8316088249147220E-012
          12          22   3.4456354817718253E-011
          12          23   3.1183022600832747E-011
          12          24   1.7417656920022937E-012
          12          25  -2.4700456514926844E-011
          12          26   2.2848681468773427E-011
          12          27   1.1287752597789986E-011
          12          28   2.3224865593929007E-011
          12          29   1.7932227903474685E-011
          13           1   3.2744903718634106E-013
          13           2  -1.7758291141766295E-011
          13           3  -3.1691858874703277E-010
          13           4  -5.5500828777316236E-013
          13           5  -1.2189995299450462E-011
          13           6  -3.3312414066163903E-003
          13           7  -7.1896412533544035E-003
          13           8   1.9124319940838058E-003
          13           9   1.1030521953096563E-002
          13          10  -6.1081667524389167E-003
          13          11  -6.3325072587039266E-003
          13          12  -3.4110335242819659E-004
          13          13   2.2848762435927309E-004
          13          14   1.9582383441821958E-004
          13          15   3.8129770232812779E-004
          13          16  -2.2300668033588223E-004
          13          17  -2.1889904392819682E-004
          13          18   9.8332213346313315E-014
          13          19   7.7758148118779409E-012
          13          20  -1.5751480976506903E-013
          13          21   9.9978071791847335E-012
          13          22  -3.0376235759277269E-012
          13          23  -6.0436708744325052E-012
          13          24   5.5609361096813224E-012
          13          25   2.0116603275433450E-012
          13          26   8.9172954367374895E-012
          13          27  -4.8381138816378801E-012
          13          28   2.6604160595478976E-012
          13          29   7.9356217500085156E-012
          14           1   4.2968176077242583E-012
          14           2  -5.3590692767538497E-011
          14           3   2.9675839577643877E-010
          14           4   4.5283653920951933E-011
          14           5  -2.6042958178968238E-010
          14           6   7.9170197205171225E-004
          14           7   1.9124318657451219E-003
          14           8   4.0278276042321785E-004
          14           9  -2.6215069726888154E-003
          14          10  -6.3325087903915722E-003
          14          11  -3.1248446749427394E-002
          14          12   8.1066171557891170E-005
          14          13   1.9582383441821958E-004
          14          14   1.0059150299321932E-003
          14          15  -9.0619112057517773E-005
          14          16  -2.1889909511364270E-004
          14          17  -1.0920438443075772E-003
          14          18   2.6341864166501505E-011
          14          19  -2.1208083345947177E-011
          14          20  -3.1328769525664235E-011
          14          21   3.7077070116750855E-011
          14          22   5.5754401730186599E-011
          14          23   4.4288263752658685E-011
          14          24   1.6560692551971514E-011
          14          25  -4.3820475868409420E-011
          14          26   5.1696537788624559E-011
          14          27   1.3641429758129253E-012
          14          28   5.6544713285788103E-011
          14          29   5.7164199778961864E-011
          15           1  -1.3795208459910450E-012
          15           2  -4.3269020129964780E-012
          15           3   1.7836547154062680E-010
          15           4  -4.4424892618257337E-011
          15           5   1.6999588627145229E-010
          15           6   2.1718448716614961E-003
          15           7   2.9093051952326811E-004
          15           8  -6.9142470103415190E-005
          15           9   3.0805996108074139E-002
          15          10  -1.2066518869932388E-002
          15          11   2.8677300432533590E-003
          15          12  -9.8621905333734364E-004
          15          13   3.8129770232812779E-004
          15          14  -9.0619112057517773E-005
          15          15   1.0787151861842337E-003
          15          16  -4.2102574155306803E-004
          15          17   1.0006110722592626E-004
          15          18   1.3116360433892599E-011
          15          19   2.0399888159321531E-012
          15          20  -6.9542773363590750E-012
          15          21   1.0978843305839081E-011
          15          22  -2.4203439975668598E-011
          15          23  -7.0772451117199190E-012
          15          24  -3.3954301139750330E-015
          15          25   1.6041640502036396E-011
          15          26  -4.2065639236294087E-011
          15          27  -9.7675961674254198E-012
          15          28  -1.9057354635277458E-011
          15          29  -1.5089939411795185E-011
          16           1  -1.4771922817445497E-013
          16           2   1.8787188662800507E-012
          16           3  -2.3705623751012343E-011
          16           4   3.7105253201018957E-012
          16           5   1.7432060825859906E-013
          16           6   2.9093049154491372E-004
          16           7   2.7541769382600709E-003
          16           8  -1.6702027022155201E-004
          16           9  -1.2066519978420277E-002
          16          10   6.6534330803130932E-003
          16          11   6.9272647650942213E-003
          16          12   3.8129778178505933E-004
          16          13  -2.2300668033588223E-004
          16          14  -2.1889909511364270E-004
          16          15  -4.2102574155306803E-004
          16          16   2.3598243756247416E-004
          16          17   2.4170656462379071E-004
          16          18  -5.9923680115740148E-012
          16          19  -2.3199281260944116E-012
          16          20   5.1469773915716407E-012
          16          21  -1.2485498750083968E-011
          16          22  -3.7233602870017657E-013
          16          23  -6.4347224365674161E-013
          16          24  -3.6125525522077655E-012
          16          25   1.4849132667816268E-012
          16          26  -9.6209031661719615E-013
          16          27   4.4429330156431208E-012
          16          28  -4.9740567897150464E-012
          16          29  -7.1321230143135194E-012
          17           1  -2.9083848472113392E-012
          17           2  -1.1657425205696996E-011
          17           3   2.5718474940951898E-010
          17           4  -6.0868017617690626E-011
          17           5   2.9965514277114768E-010
          17           6  -6.9142492758451457E-005
          17           7  -1.6702026691789473E-004
          17           8   2.0911004465077434E-003
          17           9   2.8677284824537102E-003
          17          10   6.9272648440297322E-003
          17          11   3.4154926860651698E-002
          17          12  -9.0618955083184827E-005
          17          13  -2.1889904392819682E-004
          17          14  -1.0920438443075772E-003
          17          15   1.0006110722592626E-004
          17          16   2.4170656462379071E-004
          17          17   1.1955664700759447E-003
          17          18  -4.3239906238854816E-012
          17          19  -3.8956598127656081E-012
          17          20   1.1788376888425191E-011
          17          21  -3.4053319119450992E-011
          17          22  -4.5352476406350348E-011
          17          23  -1.7367049196862216E-011
          17          24  -1.6556116978383163E-011
          17          25   3.5134812834592834E-011
          17          26  -7.7128314934065329E-011
          17          27   1.5001397438746025E-012
          17          28  -5.4535943479876680E-011
          17          29  -5.7928479120386840E-011
          18           1  -7.8624561742968895E-004
          18           2  -6.8026492580294702E-003
          18           3  -7.1611626850921067E-005
          18           4  -5.2489765258922644E-004
          18           5  -4.3891721078837995E-004
          18           6  -6.6883852121340410E-011
          18           7  -2.7954003848794417E-011
          18           8  -1.3928112221746348E-010
          18           9   1.9933896073311288E-010
          18          10  -1.7405525021995136E-010
          18          11  -3.8272387939009571E-010
          18          12   7.5249953074608477E-012
          18          13   9.8332213346313315E-014
          18          14   2.6341864166501505E-011
          18          15   1.3116360433892599E-011
          18          16  -5.9923680115740148E-012
          18          17  -4.3239906238854816E-012
          18          18   1.1456397080381962E-003
          18          19  -1.2679578093366495E-003
          18          20  -1.0523043709915836E-003
          18          21   3.0134253589778363E-004
          18          22   7.2792151275103269E-004
          18          23   1.4504003759206016E-003
          18          24   4.0833699710099674E-004
          18          25  -5.1683227674929303E-004
          18          26  -4.8756701509066749E-004
          18          27   1.2283025508201108E-004
          18          28   2.9670809085676657E-004
          18          29   5.3256052861441001E-004
          19           1  -2.5927323147007191E-005
          19           2   1.4823749017449063E-004
          19           3   2.6200550732478414E-003
          19           4   6.8776475571009237E-004
          19           5   6.4742731969960100E-004
          19           6   1.7235547886169733E-011
          19           7   1.6877809745250699E-011
          19           8  -8.3217783221289788E-012
          19           9   2.5022697379119826E-010
          19          10  -6.0862394589784025E-011
          19          11   1.7293610264948209E-010
          19          12  -2.3398286214533412E-011
          19          13   7.7758148118779409E-012
          19          14  -2.1208083345947177E-011
          19          15   2.0399888159321531E-012
          19          16  -2.3199281260944116E-012
          19          17  -3.8956598127656081E-012
          19          18  -1.2679578093366495E-003
          19          19   1.4358037461837479E-003
          19          20   1.2209391556218877E-003
          19          21  -3.4123275998016128E-004
          19          22  -8.2428013593482746E-004
          19          23  -1.6130611764765528E-003
          19          24  -5.2919489110089346E-004
          19          25   5.7872020713131006E-004
          19          26   4.7398888671935186E-004
          19          27  -1.3753852755146365E-004
          19          28  -3.3223731452687534E-004
          19          29  -6.6829353245232651E-004
          20           1  -8.3118939364843804E-004
          20           2  -6.5456868074070832E-003
          20           3   4.4701283899052195E-003
          20           4   6.6730958370904338E-004
          20           5   6.8336701879034443E-004
          20           6  -9.7718525505346254E-011
          20           7   1.8124898961095955E-012
          20           8  -1.2366146395307790E-010
          20           9  -4.0839743210204906E-011
          20          10   1.5461441186598522E-010
          20          11   5.7056972382744464E-010
          20          12  -1.1504620597598828E-011
          20          13  -1.5751480976506903E-013
          20          14  -3.1328769525664235E-011
          20          15  -6.9542773363590750E-012
          20          16   5.1469773915716407E-012
          20          17   1.1788376888425191E-011
          20          18  -1.0523043709915836E-003
          20          19   1.2209391556218877E-003
          20          20   1.0641351268738739E-003
          20          21  -2.9016809563274656E-004
          20          22  -7.0092858884304341E-004
          20          23  -1.3457638466033261E-003
          20          24  -5.0899698080011902E-004
          20          25   4.8635145939463019E-004
          20          26   3.3406999483885945E-004
          20          27  -1.1558618905211350E-004
          20          28  -2.7920936695177169E-004
          20          29  -6.2589427590372586E-004
          21           1   6.1618815709112407E-006
          21           2  -3.5230096009839415E-005
          21           3  -6.2268217881595450E-004
          21           4  -1.6345399971418300E-004
          21           5  -1.5386743791664907E-004
          21           6   3.8281645226393436E-011
          21           7  -3.4804189442543805E-012
          21           8   1.4193633811978670E-011
          21           9   2.6759036739875520E-010
          21          10  -3.5888180724447284E-010
          21          11  -1.0426019734627912E-009
          21          12  -4.8316088249147220E-012
          21          13   9.9978071791847335E-012
          21          14   3.7077070116750855E-011
          21          15   1.0978843305839081E-011
          21          16  -1.2485498750083968E-011
          21          17  -3.4053319119450992E-011
          21          18   3.0134253589778363E-004
          21          19  -3.4123275998016128E-004
          21          20  -2.9016809563274656E-004
          21          21   8.1097292574398166E-005
          21          22   1.9589821138819451E-004
          21          23   3.8335971600376593E-004
          21          24   1.2576833245695105E-004
          21          25  -1.3753849839185652E-004
          21          26  -1.1264807103517443E-004
          21          27   3.2687371751238700E-005
          21          28   7.8959436333284459E-005
          21          29   1.5882648046021067E-004
          22           1   1.4884610029592845E-005
          22           2  -8.5101593407625037E-005
          22           3  -1.5041468608197536E-003
          22           4  -3.9483865964553384E-004
          22           5  -3.7168136327044401E-004
          22           6   1.0618472957390083E-011
          22           7   3.0279941706663043E-011
          22           8   2.5460746328108477E-012
          22           9  -8.0361510858207129E-010
          22          10  -1.5322914031167345E-011
          22          11  -1.4612449943022992E-009
          22          12   3.4456354817718253E-011
          22          13  -3.0376235759277269E-012
          22          14   5.5754401730186599E-011
          22          15  -2.4203439975668598E-011
          22          16  -3.7233602870017657E-013
          22          17  -4.5352476406350348E-011
          22          18   7.2792151275103269E-004
          22          19  -8.2428013593482746E-004
          22          20  -7.0092858884304341E-004
          22          21   1.9589821138819451E-004
          22          22   4.7321073252708272E-004
          22          23   9.2604179982628545E-004
          22          24   3.0380533718750701E-004
          22          25  -3.3223730698013780E-004
          22          26  -2.7211213146506418E-004
          22          27   7.8959451279957468E-005
          22          28   1.9073401843678427E-004
          22          29   3.8366043372245690E-004
          23           1  -7.8001384230059296E-004
          23           2  -6.8382789934254666E-003
          23           3  -7.0135687202352651E-004
          23           4  -6.9020571256014679E-004
          23           5  -5.9452996764506054E-004
          23           6  -9.2757553739697165E-011
          23           7  -4.0516848397791850E-011
          23           8  -8.5646530168050979E-011
          23           9  -4.2407525833649406E-010
          23          10  -2.1827178790828700E-011
          23          11  -8.2591987739944948E-010
          23          12   3.1183022600832747E-011
          23          13  -6.0436708744325052E-012
          23          14   4.4288263752658685E-011
          23          15  -7.0772451117199190E-012
          23          16  -6.4347224365674161E-013
          23          17  -1.7367049196862216E-011
          23          18   1.4504003759206016E-003
          23          19  -1.6130611764765528E-003
          23          20  -1.3457638466033261E-003
          23          21   3.8335971600376593E-004
          23          22   9.2604179982628545E-004
          23          23   1.8381085457355297E-003
          23          24   5.3553192077970021E-004
          23          25  -6.5593087599866151E-004
          23          26  -6.0149285506420512E-004
          23          27   1.5588840008797650E-004
          23          28   3.7656316503525419E-004
          23          29   6.9318857927062817E-004
          24           1  -1.0999711106917065E-004
          24           2   9.3254434386966650E-003
          24           3  -2.4957222511224546E-002
          24           4  -3.6977149599286670E-004
          24           5  -1.3000761978496705E-003
          24           6  -8.0559625889348316E-011
          24           7  -7.9863694104763984E-012
          24           8  -7.3051407747714716E-011
          24           9   1.6602698950645978E-011
          24          10  -1.2413446410755362E-010
          24          11  -4.5137856673900854E-010
          24          12   1.7417656920022937E-012
          24          13   5.5609361096813224E-012
          24          14   1.6560692551971514E-011
          24          15  -3.3954301139750330E-015
          24          16  -3.6125525522077655E-012
          24          17  -1.6556116978383163E-011
          24          18   4.0833699710099674E-004
          24          19  -5.2919489110089346E-004
          24          20  -5.0899698080011902E-004
          24          21   1.2576833245695105E-004
          24          22   3.0380533718750701E-004
          24          23   5.3553192077970021E-004
          24          24   5.3939942119016313E-004
          24          25  -1.4341164935251598E-004
          24          26   2.9080218300872129E-004
          24          27   3.4083177951163901E-005
          24          28   8.2331150136154290E-005
          24          29   5.7386920712992646E-004
          25           1  -1.1560024949730673E-005
          25           2  -2.1452753590046734E-004
          25           3  -4.6514179695785873E-003
          25           4   2.8304809362533962E-004
          25           5   2.3481584936510091E-005
          25           6  -2.8807098220214341E-013
          25           7  -9.4861040811690371E-012
          25           8   8.6940644172267050E-012
          25           9   5.5717685343292596E-010
          25          10   4.0954278190656031E-011
          25          11   1.1498748595832327E-009
          25          12  -2.4700456514926844E-011
          25          13   2.0116603275433450E-012
          25          14  -4.3820475868409420E-011
          25          15   1.6041640502036396E-011
          25          16   1.4849132667816268E-012
          25          17   3.5134812834592834E-011
          25          18  -5.1683227674929303E-004
          25          19   5.7872020713131006E-004
          25          20   4.8635145939463019E-004
          25          21  -1.3753849839185652E-004
          25          22  -3.3223730698013780E-004
          25          23  -6.5593087599866151E-004
          25          24  -1.4341164935251598E-004
          25          25   2.5013380703606578E-004
          25          26   2.9018333001548061E-004
          25          27  -5.9446751400273775E-005
          25          28  -1.4359924454969815E-004
          25          29  -2.0353271167746040E-004
          26           1  -1.3003585957293979E-004
          26           2   8.9535702940822786E-003
          26           3  -3.3020232192289022E-002
          26           4   1.2087882431656316E-004
          26           5  -1.2593719645502643E-003
          26           6  -6.1115254168841901E-011
          26           7  -2.4516632489979794E-011
          26           8  -8.7951533036147680E-011
          26           9  -1.0180161149441975E-009
          26          10  -5.1055556676507521E-011
          26          11  -1.9341974700892266E-009
          26          12   2.2848681468773427E-011
          26          13   8.9172954367374895E-012
          26          14   5.1696537788624559E-011
          26          15  -4.2065639236294087E-011
          26          16  -9.6209031661719615E-013
          26          17  -7.7128314934065329E-011
          26          18  -4.8756701509066749E-004
          26          19   4.7398888671935186E-004
          26          20   3.3406999483885945E-004
          26          21  -1.1264807103517443E-004
          26          22  -2.7211213146506418E-004
          26          23  -6.0149285506420512E-004
          26          24   2.9080218300872129E-004
          26          25   2.9018333001548061E-004
          26          26   7.9382108324886353E-004
          26          27  -6.8964919594401955E-005
          26          28  -1.6659126549240454E-004
          26          29   2.2105498569756943E-004
          27           1   2.7473527676646168E-006
          27           2   5.0984565595505976E-005
          27           3   1.1054555093735203E-003
          27           4  -6.7269152975586011E-005
          27           5  -5.5806097005024036E-006
          27           6  -1.3074512710310597E-011
          27           7  -2.8317314206772560E-012
          27           8  -1.5948760456932049E-011
          27           9  -3.0255389105574790E-010
          27          10   1.2775593024275952E-010
          27          11   9.0080752696740096E-012
          27          12   1.1287752597789986E-011
          27          13  -4.8381138816378801E-012
          27          14   1.3641429758129253E-012
          27          15  -9.7675961674254198E-012
          27          16   4.4429330156431208E-012
          27          17   1.5001397438746025E-012
          27          18   1.2283025508201108E-004
          27          19  -1.3753852755146365E-004
          27          20  -1.1558618905211350E-004
          27          21   3.2687371751238700E-005
          27          22   7.8959451279957468E-005
          27          23   1.5588840008797650E-004
          27          24   3.4083177951163901E-005
          27          25  -5.9446751400273775E-005
          27          26  -6.8964919594401955E-005
          27          27   1.4128103249699739E-005
          27          28   3.4127768225996455E-005
          27          29   4.8371537802641276E-005
          28           1   6.6364909017843794E-006
