           1           1   2.7125105233003088     
           1           2   5.0366457686728996     
           1           3   10.448232876716805     
           1           4  -18.186820588259735     
           1           5  -5.4263917965565192     
           1           6   5.4930014293886715E-012
           1           7   2.1157637122679241E-011
           1           8   5.5210225251959227E-013
           1           9  -8.7917907593995825E-014
           1          10  -2.1632104879101308E-012
           1          11  -1.1857676795001364E-012
           1          12  -1.1416659733091870E-013
           1          13   1.3244953997222315E-012
           1          14   1.4538885854146461E-012
           1          15  -1.5714755653938119E-013
           1          16  -1.1980268341031801E-012
           1          17  -4.6166491580181873E-013
           1          18   2.2144949889338381     
           1          19  -6.2290655535914506E-014
           1          20   2.2144949889342138     
           1          21  -2.1514276030969866E-014
           1          22  -5.0368644585923688E-014
           1          23   2.2144949889341401     
           1          24   4.3883757371108079     
           1          25   8.4355148904856183E-014
           1          26   4.3883757371110299     
           1          27  -2.2541422884866808E-014
           1          28   1.1323537942398825E-013
           1          29   4.3883757371110619     
           2           1   5.0366457686728996     
           2           2   37.483165411626793     
           2           3   74.071572092277592     
           2           4  -128.59044539357555     
           2           5  -38.215960696334250     
           2           6   6.3170521112763739E-014
           2           7   1.5617371912580552E-012
           2           8  -1.6933920392053662E-013
           2           9  -2.1392593724954820E-013
           2          10  -6.5685592039201971E-012
           2          11  -7.5371910091631590E-012
           2          12   5.1888631192796514E-013
           2          13   7.8622510887063672E-012
           2          14   9.6600757385693613E-012
           2          15   2.1129218561964474E-013
           2          16  -2.5175280239245563E-012
           2          17  -3.0363101749421754E-012
           2          18   15.563469637904005     
           2          19  -4.3886040967103195E-013
           2          20   15.563469637905058     
           2          21  -1.3011936488277659E-013
           2          22  -3.2095429197138696E-013
           2          23   15.563469637904742     
           2          24   30.915791330695519     
           2          25   6.5122856057526302E-013
           2          26   30.915791330695832     
           2          27  -1.6833431981302026E-013
           2          28   7.7906100569236605E-013
           2          29   30.915791330696074     
           3           1   10.448232876716805     
           3           2   74.071572092277592     
           3           3   164.03241038611162     
           3           4  -266.23732594099766     
           3           5  -79.148309658013432     
           3           6  -2.0847515209216123E-012
           3           7  -2.1921902519666299E-012
           3           8  -6.5125976111140009E-013
           3           9  -6.3860239869727590E-012
           3          10  -8.0349563829696730E-012
           3          11  -1.4323513705707415E-011
           3          12   7.2312102580230836E-012
           3          13   1.0065146349580214E-011
           3          14   1.8437052821316478E-011
           3          15  -5.4320203825254999E-013
           3          16  -3.5741154028889645E-012
           3          17  -5.9588628069545282E-012
           3          18   28.379001543748320     
           3          19  -8.8906913179145148E-013
           3          20   28.379001543749595     
           3          21  -2.4630135242308146E-013
           3          22  -6.4918114645560047E-013
           3          23   28.379001543749009     
           3          24   63.362538845172665     
           3          25   1.3380847429514650E-012
           3          26   63.362538845172679     
           3          27  -3.4856474242235320E-013
           3          28   1.5799529544810995E-012
           3          29   63.362538845173169     
           4           1  -18.186820588259735     
           4           2  -128.59044539357555     
           4           3  -266.23732594099766     
           4           4   464.06343323118256     
           4           5   137.79233313595182     
           4           6   1.6189583444721253E-012
           4           7   9.8731333592069539E-013
           4           8   8.2078301777578782E-013
           4           9  -1.7542692220849480E-012
           4          10   2.4004245804049708E-011
           4          11   2.7230749669447143E-011
           4          12   3.4340967339389501E-013
           4          13  -2.9336677443523543E-011
           4          14  -3.5009519050965703E-011
           4          15  -1.0868536362039736E-012
           4          16   9.0902217722542021E-012
           4          17   1.1003089641551763E-011
           4          18  -56.258521684285725     
           4          19   1.5996885943727850E-012
           4          20  -56.258521684287984     
           4          21   4.6371720466968363E-013
           4          22   1.1454963908440982E-012
           4          23  -56.258521684286890     
           4          24  -111.50328109482605     
           4          25  -2.3607694393819651E-012
           4          26  -111.50328109482601     
           4          27   6.0676607788848835E-013
           4          28  -2.7942108234741468E-012
           4          29  -111.50328109482695     
           5           1  -5.4263917965565192     
           5           2  -38.215960696334250     
           5           3  -79.148309658013432     
           5           4   137.79233313595182     
           5           5   40.915772961452213     
           5           6   8.6028068224453134E-013
           5           7   1.0734419509674714E-012
           5           8   3.5369338410399966E-013
           5           9  -1.0478834102883252E-012
           5          10   8.5582507314616650E-012
           5          11   8.7647945818386980E-012
           5          12   5.1384008239533092E-013
           5          13  -9.7560945151410448E-012
           5          14  -1.0913344832004317E-011
           5          15  -3.4612828640752567E-013
           5          16   2.7604775478892449E-012
           5          17   3.2990635239005315E-012
           5          18  -16.673111425295087     
           5          19   4.7467807436557575E-013
           5          20  -16.673111425295772     
           5          21   1.3760332729005035E-013
           5          22   3.4019583610418197E-013
           5          23  -16.673111425295442     
           5          24  -33.103882899883992     
           5          25  -7.0068517556164711E-013
           5          26  -33.103882899883999     
           5          27   1.8015531514193633E-013
           5          28  -8.2961921212472335E-013
           5          29  -33.103882899884269     
           6           1   5.4930014293886715E-012
           6           2   6.3170521112763739E-014
           6           3  -2.0847515209216123E-012
           6           4   1.6189583444721253E-012
           6           5   8.6028068224453134E-013
           6           6   1.8392144307413933     
           6           7  -1.7980164533913223E-002
           6           8  -6.9410299878652736E-003
           6           9 -0.73283548057586734     
           6          10 -0.13424329383910513     
           6          11  -5.1823036794238192E-002
           6          12  0.62740589792741275     
           6          13  0.10371081442049751     
           6          14   4.0036334016913845E-002
           6          15  -6.0686523748279167E-002
           6          16  -6.8099611912333553E-003
           6          17  -2.6289050222726130E-003
           6          18  -1.8047946447679374E-013
           6          19  -1.0275691096522869E-014
           6          20  -5.5201268564218266E-014
           6          21   1.9147832898794912E-014
           6          22  -2.4414657887116318E-015
           6          23  -3.1913389516438282E-013
           6          24  -1.4290074845771103E-013
           6          25  -5.7583951279609775E-015
           6          26  -4.4019096974514621E-014
           6          27  -7.6988687844872268E-015
           6          28   5.4739271535444048E-015
           6          29  -2.6730781888646249E-013
           7           1   2.1157637122679241E-011
           7           2   1.5617371912580552E-012
           7           3  -2.1921902519666299E-012
           7           4   9.8731333592069539E-013
           7           5   1.0734419509674714E-012
           7           6  -1.7980164533913223E-002
           7           7   1.9185083759220005     
           7           8   3.2110852105394369E-002
           7           9 -0.13424329383913258     
           7          10 -0.14081195584864659     
           7          11  0.23974566787074378     
           7          12  0.10371081442050709     
           7          13  0.17003301806396798     
           7          14 -0.18521758337111097     
           7          15  -6.8099611912322330E-003
           7          16  -3.0654057228821266E-002
           7          17   1.2161938576410007E-002
           7          18  -8.6847530023463885E-013
           7          19   8.9334606826509147E-015
           7          20  -1.2972995517923955E-012
           7          21   2.0267953634226498E-014
           7          22  -1.1632579998258620E-015
           7          23  -1.3939567610247525E-012
           7          24   1.1892684463822127E-012
           7          25   6.9740097801290355E-015
           7          26   9.1306823186967627E-013
           7          27  -2.3213990709417741E-015
           7          28   1.0191792424882050E-014
           7          29   7.9472807352849031E-013
           8           1   5.5210225251959227E-013
           8           2  -1.6933920392053662E-013
           8           3  -6.5125976111140009E-013
           8           4   8.2078301777578782E-013
           8           5   3.5369338410399966E-013
           8           6  -6.9410299878652736E-003
           8           7   3.2110852105394369E-002
           8           8   1.8477238822787179     
           8           9  -5.1823036794227652E-002
           8          10  0.23974566787069426     
           8          11 -0.66930231318018119     
           8          12   4.0036334016900113E-002
           8          13 -0.18521758337109420     
           8          14  0.57832280152176074     
           8          15  -2.6289050222646857E-003
           8          16   1.2161938576390613E-002
           8          17  -5.7463581343136977E-002
           8          18  -1.2877981187141296E-013
           8          19   7.5207714378411301E-016
           8          20  -3.1340312811668992E-013
           8          21  -1.1006183662252322E-014
           8          22   1.0611827021620198E-015
           8          23  -6.8441267820493636E-014
           8          24  -1.1429721127241920E-013
           8          25   6.6175034462226044E-015
           8          26  -2.2617748745663359E-013
           8          27   2.1736866915402243E-015
           8          28  -5.5390331599129861E-015
           8          29  -4.3898554931831572E-014
           9           1  -8.7917907593995825E-014
           9           2  -2.1392593724954820E-013
           9           3  -6.3860239869727590E-012
           9           4  -1.7542692220849480E-012
           9           5  -1.0478834102883252E-012
           9           6 -0.73283548057586734     
           9           7 -0.13424329383913258     
           9           8  -5.1823036794227652E-002
           9           9  0.53290137423066608     
           9          10  -1.0022857080526051     
           9          11 -0.38692055030329581     
           9          12 -0.43712169134828804     
           9          13  0.77432446784813547     
           9          14  0.29891880808639149     
           9          15   3.6792765113512885E-002
           9          16  -5.0844452479985786E-002
           9          17  -1.9627899884606118E-002
           9          18   3.0921651494730756E-012
           9          19   4.6661225183502281E-015
           9          20   3.1265909862089795E-012
           9          21  -2.7793035094316238E-014
           9          22   1.0548759956177589E-014
           9          23   3.2104545401170295E-012
           9          24   7.9836939273824524E-013
           9          25  -9.7761339085326073E-015
           9          26   7.3980659939989290E-013
           9          27   4.1649126958084305E-015
           9          28  -8.0714975097247199E-015
           9          29   8.5330697392986093E-013
          10           1  -2.1632104879101308E-012
          10           2  -6.5685592039201971E-012
          10           3  -8.0349563829696730E-012
          10           4   2.4004245804049708E-011
          10           5   8.5582507314616650E-012
          10           6 -0.13424329383910513     
          10           7 -0.14081195584864659     
          10           8  0.23974566787069426     
          10           9  -1.0022857080526051     
          10          10   4.9530604801011382     
          10          11   1.7899862972842937     
          10          12  0.77432446784819886     
          10          13  -3.8519537297171516     
          10          14  -1.3828693514877290     
          10          15  -5.0844452479975398E-002
          10          16  0.26102081486699763     
          10          17   9.0803323344725281E-002
          10          18  -5.0214032749104325E-012
          10          19  -5.5617519268009282E-015
          10          20  -5.2432392575234833E-012
          10          21   8.3392871050159152E-014
          10          22  -4.3629668207193152E-014
          10          23  -5.0842399957286883E-012
          10          24  -6.7284362925980044E-012
          10          25   5.3390037981955703E-014
          10          26  -6.5327485512858959E-012
          10          27  -3.5195508155882781E-015
          10          28   2.2598019703141316E-014
          10          29  -6.5799070196042551E-012
          11           1  -1.1857676795001364E-012
          11           2  -7.5371910091631590E-012
          11           3  -1.4323513705707415E-011
          11           4   2.7230749669447143E-011
          11           5   8.7647945818386980E-012
          11           6  -5.1823036794238192E-002
          11           7  0.23974566787074378     
          11           8 -0.66930231318018119     
          11           9 -0.38692055030329581     
          11          10   1.7899862972842937     
          11          11   1.0072519644683242     
          11          12  0.29891880808641630     
          11          13  -1.3828693514877215     
          11          14 -0.80358533081579142     
          11          15  -1.9627899884604404E-002
          11          16   9.0803323344731193E-002
          11          17   6.0855859948076137E-002
          11          18  -4.0043566549694743E-012
          11          19  -1.0276855551335160E-015
          11          20  -4.0820732905622586E-012
          11          21   4.0009415258355855E-014
          11          22  -1.7469627429213063E-014
          11          23  -4.1378672919013191E-012
          11          24  -6.7125828205353016E-012
          11          25   1.8981195148119680E-014
          11          26  -6.6348579045568421E-012
          11          27  -2.6329841959269065E-015
          11          28   1.2656174101298329E-014
          11          29  -6.7476912923091819E-012
          12           1  -1.1416659733091870E-013
          12           2   5.1888631192796514E-013
          12           3   7.2312102580230836E-012
          12           4   3.4340967339389501E-013
          12           5   5.1384008239533092E-013
          12           6  0.62740589792741275     
          12           7  0.10371081442050709     
          12           8   4.0036334016900113E-002
          12           9 -0.43712169134828804     
          12          10  0.77432446784819886     
          12          11  0.29891880808641630     
          12          12  0.35938768816334116     
          12          13 -0.59821104570402395     
          12          14 -0.23093230317633862     
          12          15  -3.0498888232410010E-002
          12          16   3.9280320265258656E-002
          12          17   1.5163703334307124E-002
          12          18  -2.8750283246005683E-012
          12          19  -3.9494641556809172E-015
          12          20  -2.8978095528380420E-012
          12          21   2.2194767158621543E-014
          12          22  -8.2713856140804734E-015
          12          23  -2.9712980714658823E-012
          12          24  -4.6392618132072116E-013
          12          25   7.4119866375626807E-015
          12          26  -4.1530899790231561E-013
          12          27  -3.4786648506615162E-015
          12          28   6.4429333277038572E-015
          12          29  -5.1053428060365356E-013
          13           1   1.3244953997222315E-012
          13           2   7.8622510887063672E-012
          13           3   1.0065146349580214E-011
          13           4  -2.9336677443523543E-011
          13           5  -9.7560945151410448E-012
          13           6  0.10371081442049751     
          13           7  0.17003301806396798     
          13           8 -0.18521758337109420     
          13           9  0.77432446784813547     
          13          10  -3.8519537297171516     
          13          11  -1.3828693514877215     
          13          12 -0.59821104570402395     
          13          13   2.9975456302118992     
          13          14   1.0683476438816315     
          13          15   3.9280320265247207E-002
          13          16 -0.20372820189721219     
          13          17  -7.0150890572267602E-002
          13          18   5.9332945595251748E-012
          13          19   4.6027497355090016E-015
          13          20   6.0920584185434531E-012
          13          21  -6.4138242227561878E-014
          13          22   3.3854440792916784E-014
          13          23   5.9654932242081718E-012
          13          24   7.9441859945877427E-012
          13          25  -4.1252526772061337E-014
          13          26   7.7834454182194298E-012
          13          27   2.6605738376357687E-015
          13          28  -1.7231779848674331E-014
          13          29   7.8163366016188977E-012
          14           1   1.4538885854146461E-012
          14           2   9.6600757385693613E-012
          14           3   1.8437052821316478E-011
          14           4  -3.5009519050965703E-011
          14           5  -1.0913344832004317E-011
          14           6   4.0036334016913845E-002
          14           7 -0.18521758337111097     
          14           8  0.57832280152176074     
          14           9  0.29891880808639149     
          14          10  -1.3828693514877290     
          14          11 -0.80358533081579142     
          14          12 -0.23093230317633862     
          14          13   1.0683476438816315     
          14          14  0.64250233335538010     
          14          15   1.5163703334304661E-002
          14          16  -7.0150890572273417E-002
          14          17  -4.9089039676108587E-002
          14          18   5.0071330404017541E-012
          14          19   8.2207482347978120E-016
          14          20   5.0616661298055473E-012
          14          21  -3.1426976061243052E-014
          14          22   1.3603830254851095E-014
          14          23   5.1127506822118295E-012
          14          24   8.5798493436712376E-012
          14          25  -1.4535253042597208E-014
          14          26   8.5159362241528822E-012
          14          27   2.1140018283886464E-015
          14          28  -1.0006335723471152E-014
          14          29   8.6093469220020391E-012
          15           1  -1.5714755653938119E-013
          15           2   2.1129218561964474E-013
          15           3  -5.4320203825254999E-013
          15           4  -1.0868536362039736E-012
          15           5  -3.4612828640752567E-013
          15           6  -6.0686523748279167E-002
          15           7  -6.8099611912322330E-003
          15           8  -2.6289050222646857E-003
          15           9   3.6792765113512885E-002
          15          10  -5.0844452479975398E-002
          15          11  -1.9627899884604404E-002
          15          12  -3.0498888232410010E-002
          15          13   3.9280320265247207E-002
          15          14   1.5163703334304661E-002
          15          15   2.6627040302051970E-003
          15          16  -2.5792629059948318E-003
          15          17  -9.9569395726887395E-004
          15          18   5.5430536879627550E-013
          15          19   3.6899003014596782E-016
          15          20   5.5458738540343770E-013
          15          21  -1.6874415444842563E-015
          15          22   5.8189698158698757E-016
          15          23   5.6218091568370757E-013
          15          24   3.1894565652855664E-013
          15          25  -4.4193782419029856E-016
          15          26   3.1467969090849531E-013
          15          27   3.1147879194052674E-016
          15          28  -4.8900299773216769E-016
          15          29   3.2333159116975059E-013
          16           1  -1.1980268341031801E-012
          16           2  -2.5175280239245563E-012
          16           3  -3.5741154028889645E-012
          16           4   9.0902217722542021E-012
          16           5   2.7604775478892449E-012
          16           6  -6.8099611912333553E-003
          16           7  -3.0654057228821266E-002
          16           8   1.2161938576390613E-002
          16           9  -5.0844452479985786E-002
          16          10  0.26102081486699763     
          16          11   9.0803323344731193E-002
          16          12   3.9280320265258656E-002
          16          13 -0.20372820189721219     
          16          14  -7.0150890572273417E-002
          16          15  -2.5792629059948318E-003
          16          16   1.4037457085921433E-002
          16          17   4.6063165639628071E-003
          16          18  -1.6639499381744525E-012
          16          19  -3.9959111719948546E-016
          16          20  -1.6703599309615318E-012
          16          21   4.1199802292036681E-015
          16          22  -2.2700662707192831E-015
          16          23  -1.6608627199338635E-012
          16          24  -2.3282478942986668E-012
          16          25   2.7105434084859147E-015
          16          26  -2.3146510595829595E-012
          16          27  -1.5609091299389925E-016
          16          28   1.0594120879514393E-015
          16          29  -2.3156838753694871E-012
          17           1  -4.6166491580181873E-013
          17           2  -3.0363101749421754E-012
          17           3  -5.9588628069545282E-012
          17           4   1.1003089641551763E-011
          17           5   3.2990635239005315E-012
          17           6  -2.6289050222726130E-003
          17           7   1.2161938576410007E-002
          17           8  -5.7463581343136977E-002
          17           9  -1.9627899884606118E-002
          17          10   9.0803323344725281E-002
          17          11   6.0855859948076137E-002
          17          12   1.5163703334307124E-002
          17          13  -7.0150890572267602E-002
          17          14  -4.9089039676108587E-002
          17          15  -9.9569395726887395E-004
          17          16   4.6063165639628071E-003
          17          17   3.8833887830735615E-003
          17          18  -1.4681317786484056E-012
          17          19  -6.2930149498501380E-017
          17          20  -1.4699600560791147E-012
          17          21   2.2282138468571739E-015
          17          22  -9.2748094684497572E-016
          17          23  -1.4758538168353370E-012
          17          24  -2.6690013623234943E-012
          17          25   9.1343292551956706E-016
          17          26  -2.6635744405602212E-012
          17          27  -1.6422568362853272E-016
          17          28   7.2981875471275871E-016
          17          29  -2.6716937483473247E-012
          18           1   2.2144949889338381     
          18           2   15.563469637904005     
          18           3   28.379001543748320     
          18           4  -56.258521684285725     
          18           5  -16.673111425295087     
          18           6  -1.8047946447679374E-013
          18           7  -8.6847530023463885E-013
          18           8  -1.2877981187141296E-013
          18           9   3.0921651494730756E-012
          18          10  -5.0214032749104325E-012
          18          11  -4.0043566549694743E-012
          18          12  -2.8750283246005683E-012
          18          13   5.9332945595251748E-012
          18          14   5.0071330404017541E-012
          18          15   5.5430536879627550E-013
          18          16  -1.6639499381744525E-012
          18          17  -1.4681317786484056E-012
          18          18   8.1687710476068567     
          18          19  -2.0367686580587417E-013
          18          20   8.1687710476071622     
          18          21  -6.3144454768733620E-014
          18          22  -1.4182834476963500E-013
          18          23   8.1687710476070095     
          18          24   13.728998455323783     
          18          25   2.9166135463056425E-013
          18          26   13.728998455323788     
          18          27  -7.3399224504942983E-014
          18          28   3.4697479969398703E-013
          18          29   13.728998455323913     
          19           1  -6.2290655535914506E-014
          19           2  -4.3886040967103195E-013
          19           3  -8.8906913179145148E-013
          19           4   1.5996885943727850E-012
          19           5   4.7467807436557575E-013
          19           6  -1.0275691096522869E-014
          19           7   8.9334606826509147E-015
          19           8   7.5207714378411301E-016
          19           9   4.6661225183502281E-015
          19          10  -5.5617519268009282E-015
          19          11  -1.0276855551335160E-015
          19          12  -3.9494641556809172E-015
          19          13   4.6027497355090016E-015
          19          14   8.2207482347978120E-016
          19          15   3.6899003014596782E-016
          19          16  -3.9959111719948546E-016
          19          17  -6.2930149498501380E-017
          19          18  -2.0367686580587417E-013
          19          19   5.6994873850210591E-027
          19          20  -2.0367686580588356E-013
          19          21   1.5248731836877023E-027
          19          22   4.0205528811073852E-027
          19          23  -2.0367686580587872E-013
          19          24  -3.8583907741716273E-013
          19          25  -8.1813410552323004E-027
          19          26  -3.8583907741716399E-013
          19          27   2.1282579416862987E-027
          19          28  -9.6931382085091374E-027
          19          29  -3.8583907741716642E-013
          20           1   2.2144949889342138     
          20           2   15.563469637905058     
          20           3   28.379001543749595     
          20           4  -56.258521684287984     
          20           5  -16.673111425295772     
          20           6  -5.5201268564218266E-014
          20           7  -1.2972995517923955E-012
          20           8  -3.1340312811668992E-013
          20           9   3.1265909862089795E-012
          20          10  -5.2432392575234833E-012
          20          11  -4.0820732905622586E-012
          20          12  -2.8978095528380420E-012
          20          13   6.0920584185434531E-012
          20          14   5.0616661298055473E-012
          20          15   5.5458738540343770E-013
          20          16  -1.6703599309615318E-012
          20          17  -1.4699600560791147E-012
          20          18   8.1687710476071622     
          20          19  -2.0367686580588356E-013
          20          20   8.1687710476074660     
          20          21  -6.3144454768743049E-014
          20          22  -1.4182834476964027E-013
          20          23   8.1687710476073132     
          20          24   13.728998455324341     
          20          25   2.9166135463056915E-013
          20          26   13.728998455324348     
          20          27  -7.3399224504945810E-014
          20          28   3.4697479969400010E-013
          20          29   13.728998455324470     
          21           1  -2.1514276030969866E-014
          21           2  -1.3011936488277659E-013
          21           3  -2.4630135242308146E-013
          21           4   4.6371720466968363E-013
          21           5   1.3760332729005035E-013
          21           6   1.9147832898794912E-014
          21           7   2.0267953634226498E-014
          21           8  -1.1006183662252322E-014
          21           9  -2.7793035094316238E-014
          21          10   8.3392871050159152E-014
          21          11   4.0009415258355855E-014
          21          12   2.2194767158621543E-014
          21          13  -6.4138242227561878E-014
          21          14  -3.1426976061243052E-014
          21          15  -1.6874415444842563E-015
          21          16   4.1199802292036681E-015
          21          17   2.2282138468571739E-015
          21          18  -6.3144454768733620E-014
          21          19   1.5248731836877023E-027
          21          20  -6.3144454768743049E-014
          21          21   2.5645245694834935E-027
          21          22   3.3893518000076533E-028
          21          23  -6.3144454768745308E-014
          21          24  -1.1255578543801512E-013
          21          25  -1.4539187484538638E-027
          21          26  -1.1255578543801351E-013
          21          27   4.0320489690212531E-028
          21          28  -2.2053896223098509E-027
          21          29  -1.1255578543802096E-013
          22           1  -5.0368644585923688E-014
          22           2  -3.2095429197138696E-013
          22           3  -6.4918114645560047E-013
          22           4   1.1454963908440982E-012
          22           5   3.4019583610418197E-013
          22           6  -2.4414657887116318E-015
          22           7  -1.1632579998258620E-015
          22           8   1.0611827021620198E-015
          22           9   1.0548759956177589E-014
          22          10  -4.3629668207193152E-014
          22          11  -1.7469627429213063E-014
          22          12  -8.2713856140804734E-015
          22          13   3.3854440792916784E-014
          22          14   1.3603830254851095E-014
          22          15   5.8189698158698757E-016
          22          16  -2.2700662707192831E-015
          22          17  -9.2748094684497572E-016
          22          18  -1.4182834476963500E-013
          22          19   4.0205528811073852E-027
          22          20  -1.4182834476964027E-013
          22          21   3.3893518000076533E-028
          22          22   3.2561997898262618E-027
          22          23  -1.4182834476963777E-013
          22          24  -2.7578969249185001E-013
          22          25  -6.2772096323599950E-027
          22          26  -2.7578969249185304E-013
          22          27   1.5482094336943671E-027
          22          28  -7.1720165279045686E-027
          22          29  -2.7578969249185390E-013
          23           1   2.2144949889341401     
          23           2   15.563469637904742     
          23           3   28.379001543749009     
          23           4  -56.258521684286890     
          23           5  -16.673111425295442     
          23           6  -3.1913389516438282E-013
          23           7  -1.3939567610247525E-012
          23           8  -6.8441267820493636E-014
          23           9   3.2104545401170295E-012
          23          10  -5.0842399957286883E-012
          23          11  -4.1378672919013191E-012
          23          12  -2.9712980714658823E-012
          23          13   5.9654932242081718E-012
          23          14   5.1127506822118295E-012
          23          15   5.6218091568370757E-013
          23          16  -1.6608627199338635E-012
          23          17  -1.4758538168353370E-012
          23          18   8.1687710476070095     
          23          19  -2.0367686580587872E-013
          23          20   8.1687710476073132     
          23          21  -6.3144454768745308E-014
          23          22  -1.4182834476963777E-013
          23          23   8.1687710476071622     
          23          24   13.728998455324072     
          23          25   2.9166135463056602E-013
          23          26   13.728998455324081     
          23          27  -7.3399224504942945E-014
          23          28   3.4697479969399167E-013
          23          29   13.728998455324202     
          24           1   4.3883757371108079     
          24           2   30.915791330695519     
          24           3   63.362538845172665     
          24           4  -111.50328109482605     
          24           5  -33.103882899883992     
          24           6  -1.4290074845771103E-013
          24           7   1.1892684463822127E-012
          24           8  -1.1429721127241920E-013
          24           9   7.9836939273824524E-013
          24          10  -6.7284362925980044E-012
          24          11  -6.7125828205353016E-012
          24          12  -4.6392618132072116E-013
          24          13   7.9441859945877427E-012
          24          14   8.5798493436712376E-012
          24          15   3.1894565652855664E-013
          24          16  -2.3282478942986668E-012
          24          17  -2.6690013623234943E-012
          24          18   13.728998455323783     
          24          19  -3.8583907741716273E-013
          24          20   13.728998455324341     
          24          21  -1.1255578543801512E-013
          24          22  -2.7578969249185001E-013
          24          23   13.728998455324072     
          24          24   26.825126458041574     
          24          25   5.6798841934311372E-013
          24          26   26.825126458041581     
          24          27  -1.4575823089094431E-013
          24          28   6.7276409265090132E-013
          24          29   26.825126458041808     
          25           1   8.4355148904856183E-014
          25           2   6.5122856057526302E-013
          25           3   1.3380847429514650E-012
          25           4  -2.3607694393819651E-012
          25           5  -7.0068517556164711E-013
          25           6  -5.7583951279609775E-015
          25           7   6.9740097801290355E-015
          25           8   6.6175034462226044E-015
          25           9  -9.7761339085326073E-015
          25          10   5.3390037981955703E-014
          25          11   1.8981195148119680E-014
          25          12   7.4119866375626807E-015
          25          13  -4.1252526772061337E-014
          25          14  -1.4535253042597208E-014
          25          15  -4.4193782419029856E-016
          25          16   2.7105434084859147E-015
          25          17   9.1343292551956706E-016
          25          18   2.9166135463056425E-013
          25          19  -8.1813410552323004E-027
          25          20   2.9166135463056915E-013
          25          21  -1.4539187484538638E-027
          25          22  -6.2772096323599950E-027
          25          23   2.9166135463056602E-013
          25          24   5.6798841934311372E-013
          25          25   1.2700760229851856E-026
          25          26   5.6798841934311271E-013
          25          27  -3.1165310040573209E-027
          25          28   1.4488290915324733E-026
          25          29   5.6798841934311716E-013
          26           1   4.3883757371110299     
          26           2   30.915791330695832     
          26           3   63.362538845172679     
          26           4  -111.50328109482601     
          26           5  -33.103882899883999     
          26           6  -4.4019096974514621E-014
          26           7   9.1306823186967627E-013
          26           8  -2.2617748745663359E-013
          26           9   7.3980659939989290E-013
          26          10  -6.5327485512858959E-012
          26          11  -6.6348579045568421E-012
          26          12  -4.1530899790231561E-013
          26          13   7.7834454182194298E-012
          26          14   8.5159362241528822E-012
          26          15   3.1467969090849531E-013
          26          16  -2.3146510595829595E-012
          26          17  -2.6635744405602212E-012
          26          18   13.728998455323788     
          26          19  -3.8583907741716399E-013
          26          20   13.728998455324348     
          26          21  -1.1255578543801351E-013
          26          22  -2.7578969249185304E-013
          26          23   13.728998455324081     
          26          24   26.825126458041581     
          26          25   5.6798841934311271E-013
          26          26   26.825126458041588     
          26          27  -1.4575823089094456E-013
          26          28   6.7276409265090254E-013
          26          29   26.825126458041805     
          27           1  -2.2541422884866808E-014
          27           2  -1.6833431981302026E-013
          27           3  -3.4856474242235320E-013
          27           4   6.0676607788848835E-013
          27           5   1.8015531514193633E-013
          27           6  -7.6988687844872268E-015
          27           7  -2.3213990709417741E-015
          27           8   2.1736866915402243E-015
          27           9   4.1649126958084305E-015
          27          10  -3.5195508155882781E-015
          27          11  -2.6329841959269065E-015
          27          12  -3.4786648506615162E-015
          27          13   2.6605738376357687E-015
          27          14   2.1140018283886464E-015
          27          15   3.1147879194052674E-016
          27          16  -1.5609091299389925E-016
          27          17  -1.6422568362853272E-016
          27          18  -7.3399224504942983E-014
          27          19   2.1282579416862987E-027
          27          20  -7.3399224504945810E-014
          27          21   4.0320489690212531E-028
          27          22   1.5482094336943671E-027
          27          23  -7.3399224504942945E-014
          27          24  -1.4575823089094431E-013
          27          25  -3.1165310040573209E-027
          27          26  -1.4575823089094456E-013
          27          27   8.3617505163333180E-028
          27          28  -3.7158970415221255E-027
          27          29  -1.4575823089094433E-013
          28           1   1.1323537942398825E-013
