           1           1   1.9978749624228924     
           1           2  -7.0026608118826019E-003
           1           3  -2.7857904363701707E-002
           1           4  -2.9330643680336554E-002
           1           5  -8.4992865180699775E-003
           1           6  -3.5084052193253643E-003
           1           7  -5.2968852555876468E-003
           1           8  -5.2269210923756392E-011
           1           9  -7.1392606556036805E-012
           1          10   7.2163803242938250E-012
           1          11  -9.4908663834565011E-014
           1          12   3.3989819877738244E-013
           1          13  -1.0299487112384786E-012
           1          14   1.0082029469309610E-013
           1          15   4.4836642018119529E-014
           1          16  -1.3611210771916409E-013
           1          17   1.7637753784833557E-013
           1          18   6.1333828472193780E-014
           1          19  -7.7528628759330541E-014
           1          20  -1.2188841251450890E-014
           1          21   5.7023435060050913E-015
           1          22   1.5249974852512801E-014
           1          23  -8.0463962527768376E-015
           1          24   1.0150364802981364E-014
           1          25   1.5899057329922601E-014
           1          26   1.4615833823092252E-002
           1          27  -6.5202032398505442E-006
           1          28   1.4645930561585575E-002
           1          29  -4.3328323418440799E-006
           1          30   2.6701036990752356E-006
           1          31   1.4674225656917861E-002
           1          32   9.1116331598755200E-003
           1          33  -8.4724046842620322E-008
           1          34   9.1126763539839811E-003
           1          35   2.5089465856480739E-008
           1          36  -1.6326496226577410E-007
           1          37   9.1114974082027456E-003
           1          38  -1.5831522825768391E-003
           1          39   5.2279386987211308E-006
           1          40  -1.6073273072494041E-003
           1          41   3.4884932979100643E-006
           1          42  -2.1883777788016919E-006
           1          43  -1.6301344405407815E-003
           1          44   1.6275317424322216E-003
           1          45  -1.9203256343401930E-007
           1          46   1.6284732094647477E-003
           1          47  -1.2241386228760009E-007
           1          48   6.4671616451016637E-008
           1          49   1.6291953632318729E-003
           1          50  -1.3148869389496573E-013
           1          51  -7.7235872157448104E-015
           1          52  -5.8335225983507072E-014
           1          53  -3.8582723965519836E-014
           1          54   6.7443565730145656E-014
           1          55  -4.9180736208532834E-016
           1          56   4.2193000003479770E-014
           1          57  -5.6004954320435760E-014
           1          58  -1.0526979545928919E-014
           1          59   1.1173570985163584E-013
           1          60  -8.8445841491617386E-014
           1          61  -9.5134165935987492E-015
           1          62  -3.7776487616920561E-014
           1          63  -5.6501288020535647E-015
           1          64   4.8537587906759247E-014
           1          65  -2.0727975349603737E-015
           1          66   5.0875866142821607E-014
           1          67  -4.3259947822604380E-014
           1          68  -5.2741268666878785E-015
           1          69   1.1241573033826896E-013
           2           1  -7.0026608118826019E-003
           2           2   1.9768601031743365     
           2           3  -9.5473981585099066E-002
           2           4  -9.9645804663175699E-002
           2           5  -2.7892512301669295E-002
           2           6  -1.1521986764518979E-002
           2           7  -1.8748549355943334E-002
           2           8  -2.1983152596988320E-010
           2           9  -2.9481931205498911E-011
           2          10   3.5661262051956359E-011
           2          11  -3.9598627266751120E-013
           2          12   8.2132807877609504E-013
           2          13  -2.8853251422141635E-012
           2          14   4.3177554022098856E-013
           2          15   2.6089527156139614E-013
           2          16  -7.0423421318095355E-013
           2          17   7.4441152498962251E-013
           2          18   3.0305640000496699E-013
           2          19  -4.7525655940246818E-013
           2          20  -4.5286165235960652E-014
           2          21   5.0205664098409003E-014
           2          22   4.9981956748035466E-014
           2          23  -4.0997185084391277E-014
           2          24  -2.6305471226433686E-015
           2          25   8.1212356013483710E-014
           2          26   4.8555576720072137E-002
           2          27  -6.6011206617944043E-005
           2          28   4.8859472800122518E-002
           2          29  -4.4376418132799472E-005
           2          30   2.8045556982015041E-005
           2          31   4.9152590293311593E-002
           2          32   3.1432064646950530E-002
           2          33  -4.4396769860076023E-006
           2          34   3.1454807692014981E-002
           2          35  -2.6252468351754439E-006
           2          36   1.0911298593194305E-006
           2          37   3.1468215223658079E-002
           2          38  -4.8768659281844401E-003
           2          39   1.8573546309387302E-005
           2          40  -4.9630413130732371E-003
           2          41   1.2384764416962741E-005
           2          42  -7.7254700989879146E-006
           2          43  -5.0437018763071053E-003
           2          44   5.7952283889575558E-003
           2          45  -7.4521518385339670E-007
           2          46   5.7988998820824181E-003
           2          47  -4.7721293788334449E-007
           2          48   2.5228435529225167E-007
           2          49   5.8017111492904526E-003
           2          50  -5.7395384476227812E-013
           2          51  -8.4633192636455346E-014
           2          52  -2.4089619915271622E-013
           2          53  -2.2731784326660194E-013
           2          54   3.2542461504444904E-013
           2          55  -8.2734383097915334E-016
           2          56   2.4999238107644292E-013
           2          57  -2.4370149319418407E-013
           2          58  -8.2758918747387368E-014
           2          59   6.0943332477576505E-013
           2          60  -3.9240288964831167E-013
           2          61  -6.2698728705487233E-014
           2          62  -1.8115346391324895E-013
           2          63  -1.2277473751402809E-013
           2          64   2.3076423168538860E-013
           2          65   2.1678592309842955E-017
           2          66   2.5216790949296243E-013
           2          67  -1.7649808649417507E-013
           2          68  -5.5285104008304479E-014
           2          69   5.5214173746868316E-013
           3           1  -2.7857904363701707E-002
           3           2  -9.5473981585099066E-002
           3           3   1.5274426701472934     
           3           4 -0.54578423680258403     
           3           5  -5.2134627746893869E-002
           3           6  -9.1509264688273695E-002
           3           7 -0.16163585777350542     
           3           8  -1.2983214210307088E-010
           3           9  -2.5954628529584239E-011
           3          10  -6.4209175582498855E-011
           3          11  -7.1849921775447760E-013
           3          12   3.1267884800275882E-012
           3          13  -6.9169540085398924E-012
           3          14   2.0392864002474727E-013
           3          15  -1.9484236368510057E-013
           3          16   1.5504979180339436E-012
           3          17   5.0237808776216954E-013
           3          18   3.5072640552801976E-013
           3          19   1.6040265927753258E-012
           3          20   2.7754720071276813E-013
           3          21   7.0250332989488771E-013
           3          22   9.3992114849993477E-013
           3          23   1.5724810661878836E-014
           3          24   1.5974189828737396E-013
           3          25  -8.1217132199612775E-014
           3          26  0.19655667984805628     
           3          27  -1.2397829059758725E-003
           3          28  0.20222926197961882     
           3          29  -8.3820340205014332E-004
           3          30   5.3918888579659180E-004
           3          31  0.20782161336649302     
           3          32  0.15250024366496714     
           3          33   1.4429757941285718E-004
           3          34  0.15186619203046725     
           3          35   1.0297405609679399E-004
           3          36  -7.3970880033725578E-005
           3          37  0.15112810980927305     
           3          38   2.8378867148228498E-002
           3          39   7.4422178135684128E-005
           3          40   2.8030236695533423E-002
           3          41   4.8353661999607370E-005
           3          42  -2.8841366474962021E-005
           3          43   2.7724997928779433E-002
           3          44   4.9941986437925530E-002
           3          45   4.5481546521954717E-006
           3          46   4.9922131242651879E-002
           3          47   3.2967547086833108E-006
           3          48  -2.4392137312986179E-006
           3          49   4.9898151812357183E-002
           3          50  -7.1551912177267261E-014
           3          51   1.7212286938965549E-014
           3          52  -2.0274093290089610E-013
           3          53   4.5980043600166902E-013
           3          54  -2.4429822275628225E-013
           3          55  -7.4437790485353188E-014
           3          56   2.3226710853926145E-014
           3          57   3.7622942094423825E-014
           3          58   4.2868983509505241E-013
           3          59  -4.0656650846656490E-013
           3          60  -2.2202593105121360E-014
           3          61   2.7792825818143004E-013
           3          62   8.3597589781307357E-014
           3          63   5.8425127569913997E-013
           3          64  -3.6773344794150224E-013
           3          65  -2.2102304340116818E-014
           3          66  -3.1630231964063830E-013
           3          67  -1.8188640133067785E-014
           3          68   2.5905349348694378E-013
           3          69  -6.0002146389661827E-013
           4           1  -2.9330643680336554E-002
           4           2  -9.9645804663175699E-002
           4           3 -0.54578423680258403     
           4           4  0.39669085297238027     
           4           5  -3.4432666632513452E-002
           4           6   9.6750802616527590E-002
           4           7   2.1851470037662808E-002
           4           8   2.1401520781671934E-011
           4           9   8.7819211987133465E-012
           4          10   5.5858373935333417E-011
           4          11  -3.4721030540056742E-013
           4          12  -1.4446056110610120E-012
           4          13   6.4385685907885120E-012
           4          14  -6.3108056579641652E-013
           4          15  -1.8423502995747366E-012
           4          16  -2.2788847189512042E-012
           4          17  -7.6434793123111862E-013
           4          18  -1.9210601808515726E-012
           4          19  -2.5105496671438548E-012
           4          20  -9.6517943658363556E-013
           4          21  -2.0273284721561405E-012
           4          22  -2.3671155948905510E-012
           4          23  -1.3844712276734942E-013
           4          24  -4.8117336089154122E-013
           4          25  -1.5819835223879101E-013
           4          26   1.0759086002268700E-002
           4          27   5.7074927995878922E-003
           4          28  -1.5463119827306630E-002
           4          29   3.8484763745796386E-003
           4          30  -2.4528364681030497E-003
           4          31  -4.0989669751218184E-002
           4          32  -3.1678746939262335E-003
           4          33  -1.9048803972611221E-005
           4          34  -3.0996506502993133E-003
           4          35  -2.5701248514476538E-005
           4          36   2.9439381018491755E-005
           4          37  -2.8465584842095153E-003
           4          38   5.7952977937105257E-004
           4          39  -3.9971356035801173E-004
           4          40   2.4087148473731813E-003
           4          41  -2.6889878460926981E-004
           4          42   1.7293720426856090E-004
           4          43   4.1953724798655962E-003
           4          44  -2.0525282967110564E-004
           4          45  -8.2699618408645116E-006
           4          46  -1.6782608922635313E-004
           4          47  -5.5169365889722590E-006
           4          48   3.6311540137295190E-006
           4          49  -1.3102571628682315E-004
           4          50   1.7919902834582267E-014
           4          51   2.0209410795423622E-013
           4          52   4.9383255183898750E-014
           4          53  -2.0259429337524013E-013
           4          54   3.5825021554796920E-013
           4          55   2.8306928858637204E-014
           4          56  -1.2951080613627873E-013
           4          57   4.1950133397700365E-014
           4          58   4.3441373684394833E-014
           4          59   2.7742364676402919E-013
           4          60  -1.8212452233878586E-013
           4          61  -3.0180504401837545E-013
           4          62  -1.1876723021513720E-013
           4          63  -8.1695418067966165E-013
           4          64  -1.9607520628579853E-014
           4          65   4.1471147201078759E-014
           4          66  -1.8191397822961684E-013
           4          67  -2.1037359958634261E-014
           4          68  -4.1882713059415705E-013
           4          69  -5.5145725947963460E-013
           5           1  -8.4992865180699775E-003
           5           2  -2.7892512301669295E-002
           5           3  -5.2134627746893869E-002
           5           4  -3.4432666632513452E-002
           5           5   1.8548190318636699E-002
           5           6  -1.4942643234982303E-002
           5           7   1.6849643612080349E-002
           5           8   9.6837929663424195E-011
           5           9  -1.7292340603646828E-013
           5          10  -1.4691072813918316E-010
           5          11   7.8302120969623105E-013
           5          12   1.3283427779978876E-011
           5          13  -1.2550151064604085E-011
           5          14   1.1790653261919856E-014
           5          15   7.1420581988199733E-013
           5          16   5.5320701062239221E-013
           5          17  -1.2536125659883917E-013
           5          18   3.3615524357602387E-013
           5          19   1.0934604179507518E-012
           5          20   2.7324206926694359E-013
           5          21   5.8517715628017918E-013
           5          22   4.2479149705276977E-013
           5          23   5.4515505963868541E-014
           5          24   9.4445015866689618E-014
           5          25   4.5409815677704592E-014
           5          26  -2.2573925351632912E-002
           5          27   6.8109673891726674E-004
           5          28  -2.5733002935421089E-002
           5          29   4.6697928590397960E-004
           5          30  -3.0244334994799588E-004
           5          31  -2.8841671997116271E-002
           5          32  -2.1161107901516069E-002
           5          33   8.0772602030597770E-005
           5          34  -2.1526310770204865E-002
           5          35   5.4259170027701835E-005
           5          36  -3.5322282535797138E-005
           5          37  -2.1890491717450649E-002
           5          38  -3.9760832016463091E-003
           5          39   7.7207210221487863E-005
           5          40  -4.3257157832986984E-003
           5          41   5.1795456836902340E-005
           5          42  -3.3625528494927519E-005
           5          43  -4.6725202318407006E-003
           5          44  -7.1153699802651935E-003
           5          45  -1.0622505138647450E-006
           5          46  -7.1105195563742523E-003
           5          47  -6.5019109420144913E-007
           5          48   3.5360759945757199E-007
           5          49  -7.1065119601185145E-003
           5          50   2.4674050656849080E-013
           5          51  -4.3505818892720487E-014
           5          52   1.2605087892145743E-013
           5          53   1.1766320624497836E-013
           5          54  -3.1720494283276755E-013
           5          55  -3.3174616672348194E-015
           5          56  -2.0614140932968843E-013
           5          57   7.3037193490847245E-014
           5          58  -5.5854117198047860E-014
           5          59  -4.8482700147379104E-013
           5          60   2.1279158951182427E-013
           5          61   4.6568317457394235E-014
           5          62   9.4622669304795253E-014
           5          63   9.8549785749634703E-014
           5          64  -3.8528986750686595E-014
           5          65  -6.5041601692942601E-015
           5          66  -1.4815437726427709E-014
           5          67   7.9490188509343746E-014
           5          68   6.8755048441605657E-014
           5          69  -1.4988378444549225E-014
           6           1  -3.5084052193253643E-003
           6           2  -1.1521986764518979E-002
           6           3  -9.1509264688273695E-002
           6           4   9.6750802616527590E-002
           6           5  -1.4942643234982303E-002
           6           6   2.6529372555908030E-002
           6           7  -2.3800922360463703E-003
           6           8  -8.5636658215912361E-011
           6           9  -3.1765719626943568E-011
           6          10  -1.8948862785627798E-010
           6          11  -6.3211246923036033E-012
           6          12   7.3553094113462339E-012
           6          13   5.7186355316478198E-011
           6          14  -6.1740396752364604E-014
           6          15  -7.1875269401488508E-013
           6          16  -1.2534283841580892E-013
           6          17   1.6470921524207847E-013
           6          18  -7.7486334996559467E-013
           6          19  -1.1097808160596292E-012
           6          20  -3.7365027361966087E-013
           6          21  -5.8837686639813728E-013
           6          22  -4.0278669238267686E-013
           6          23  -5.7261957677082024E-014
           6          24  -1.4861550789397755E-013
           6          25  -1.4975546822198414E-013
           6          26   3.5807275333287446E-004
           6          27  -1.5519594916622130E-003
           6          28   7.4858765770518618E-003
           6          29  -1.0496241066643515E-003
           6          30   6.7282124351526968E-004
           6          31   1.4465858610079430E-002
           6          32   7.6115164594635935E-003
           6          33  -1.4345606105748175E-004
           6          34   8.2566613121951224E-003
           6          35  -9.5463191098674988E-005
           6          36   6.1709712008012758E-005
           6          37   8.8961046282172943E-003
           6          38   1.9317884425345765E-003
           6          39  -8.5873638941297192E-005
           6          40   2.3211621643763835E-003
           6          41  -5.7368644459999082E-005
           6          42   3.7027029235412610E-005
           6          43   2.7036229881966150E-003
           6          44   2.9162905496345898E-003
           6          45   2.1855316442180946E-006
           6          46   2.9062522963890598E-003
           6          47   1.3145144795312768E-006
           6          48  -6.9688459797942195E-007
           6          49   2.8983334905882908E-003
           6          50  -2.2097147371181704E-013
           6          51   3.3361387676710275E-013
           6          52  -2.0685758081702260E-013
           6          53  -1.1381112449878203E-013
           6          54  -5.2688524233846331E-013
           6          55  -6.7388226865782310E-015
           6          56   7.6262488960049454E-013
           6          57  -2.1761917231311536E-013
           6          58   2.9699039887120528E-013
           6          59   5.7074265759692294E-013
           6          60  -2.6752747311095756E-013
           6          61  -9.4472503954661883E-014
           6          62  -1.0959326442277324E-013
           6          63  -1.0065997228854990E-013
           6          64   2.0933357331998852E-014
           6          65   1.2902875764376001E-014
           6          66  -2.6448188039367917E-013
           6          67  -7.1015944470551536E-014
           6          68  -1.1157672394361867E-013
           6          69  -4.1385476722991954E-013
           7           1  -5.2968852555876468E-003
           7           2  -1.8748549355943334E-002
           7           3 -0.16163585777350542     
           7           4   2.1851470037662808E-002
           7           5   1.6849643612080349E-002
           7           6  -2.3800922360463703E-003
           7           7   2.5192554718849319E-002
           7           8   1.2546941390659902E-010
           7           9   7.6396972291447408E-011
           7          10   5.7258647430479915E-010
           7          11   8.6094728727335689E-012
           7          12  -6.9554336269590108E-011
           7          13  -1.5114299624589124E-011
           7          14  -1.1231797918651392E-013
           7          15   3.3644561935927046E-015
           7          16  -1.0925286341263615E-012
           7          17  -4.6187307000883963E-013
           7          18   1.3372807651199817E-012
           7          19  -1.4794075698901171E-012
           7          20   2.3741340607262816E-013
           7          21  -2.0392909298192807E-013
           7          22   3.7248003539728711E-013
           7          23   3.9645276237361177E-014
           7          24   1.5470305482399415E-013
           7          25   1.9381194970194250E-013
           7          26  -4.2707289954399139E-002
           7          27  -1.7774814890974076E-003
           7          28  -3.4521243148152400E-002
           7          29  -1.2015013609058174E-003
           7          30   7.6661080893757939E-004
           7          31  -2.6554951282482454E-002
           7          32  -2.7748299502725324E-002
           7          33  -6.1051865203868669E-005
           7          34  -2.7470848682658304E-002
           7          35  -3.8393826899036416E-005
           7          36   2.2631468352486060E-005
           7          37  -2.7227456406141975E-002
           7          38  -5.0532973910376866E-003
           7          39   7.6814610485097614E-005
           7          40  -5.4044234348832607E-003
           7          41   5.2143670398766806E-005
           7          42  -3.3943461816642250E-005
           7          43  -5.7536115612012466E-003
           7          44  -9.0764727854955266E-003
           7          45   1.9349586358416340E-006
           7          46  -9.0854285148074046E-003
           7          47   1.2048050222172837E-006
           7          48  -6.9803878239935083E-007
           7          49  -9.0928517726398851E-003
           7          50   4.4945187173359219E-013
           7          51  -8.5733282367508765E-013
           7          52   2.5579601105279107E-013
           7          53  -1.2609724166063662E-013
           7          54   6.4635124617963270E-013
           7          55   1.6464503940209010E-016
           7          56   5.2721330257916876E-013
           7          57   7.0489530836961737E-014
           7          58  -9.0719949729819742E-013
           7          59   1.4283308924499047E-012
           7          60   2.6129360763527772E-013
           7          61   7.3276143691533706E-014
           7          62   1.0171591353031702E-013
           7          63  -5.8840323102189146E-014
           7          64   5.6613695591126410E-013
           7          65  -3.6319775498192782E-015
           7          66   6.0684053278625208E-013
           7          67   1.2680213344516023E-013
           7          68   1.0972733228185857E-013
           7          69   1.3308585151266201E-012
           8           1  -5.2269210923756392E-011
           8           2  -2.1983152596988320E-010
           8           3  -1.2983214210307088E-010
           8           4   2.1401520781671934E-011
           8           5   9.6837929663424195E-011
           8           6  -8.5636658215912361E-011
           8           7   1.2546941390659902E-010
           8           8   1.9999483690700965     
           8           9  -1.3539310385736937E-008
           8          10  -3.2971541669159987E-008
           8          11  -1.9990581617969801E-003
           8          12   1.7005446322529124E-007
           8          13  -1.7059711589753593E-007
           8          14   1.4389584208279482E-003
           8          15   1.1571051774579093E-006
           8          16   5.7272781430831907E-007
           8          17  -2.9630143364988972E-003
           8          18   9.9705490529872772E-007
           8          19   3.9238884866475742E-007
           8          20   5.6797936224359464E-004
           8          21   8.3561861396648276E-007
           8          22   5.7011612948737112E-007
           8          23   6.7785270110538241E-005
           8          24  -3.3430493984580734E-007
           8          25  -2.0054902176198647E-007
           8          26   7.3289725067165789E-011
           8          27  -6.1812711162561341E-012
           8          28  -1.0865443874742309E-011
           8          29  -1.6608269630963037E-012
           8          30  -3.6805119899079074E-012
           8          31   6.5102597452688762E-011
           8          32  -5.7111589359853529E-011
           8          33   9.3869996283267169E-012
           8          34  -1.1009816894165039E-010
           8          35   1.8976956650812677E-011
           8          36  -2.8483245854087878E-011
           8          37  -8.9748585753127001E-011
           8          38   4.6545732516669989E-011
           8          39   3.8258143288421799E-012
           8          40   1.3704833340844738E-010
           8          41  -5.3794573744940015E-011
           8          42   5.5167232068124340E-011
           8          43   8.6312711278509261E-011
           8          44  -4.5258927105831260E-011
           8          45   2.4895314691991114E-011
           8          46   2.0633381903803546E-011
           8          47   3.3382123440857381E-011
           8          48  -1.4115705424232044E-011
           8          49  -6.6376077305590722E-011
           8          50   5.0887384003628442E-004
           8          51  -2.7370576000427404E-006
           8          52   5.0278145238552921E-004
           8          53   1.3580868149327321E-005
           8          54   1.1402237314637774E-004
           8          55  -6.0354668782694011E-005
           8          56  -3.0660239606776946E-006
           8          57  -2.9638309001259579E-004
           8          58  -1.5445056235448049E-005
           8          59  -8.2312604082128375E-005
           8          60   4.2173984435908674E-004
           8          61   1.5960704022895877E-007
           8          62   9.7210031399426271E-005
           8          63  -5.9373088597453864E-006
           8          64  -3.8357014536391126E-005
           8          65   2.0134246069155179E-005
           8          66   6.9280931524673135E-007
           8          67   3.6373529601184309E-004
           8          68   4.4877462925369097E-006
           8          69   2.6723151395565560E-005
           9           1  -7.1392606556036805E-012
           9           2  -2.9481931205498911E-011
           9           3  -2.5954628529584239E-011
           9           4   8.7819211987133465E-012
           9           5  -1.7292340603646828E-013
           9           6  -3.1765719626943568E-011
           9           7   7.6396972291447408E-011
           9           8  -1.3539310385736937E-008
           9           9   1.9999481348047419     
           9          10   7.2419094868511537E-008
           9          11   1.7260146323614745E-007
           9          12  -2.0027975187973286E-003
           9          13   6.5815551110871666E-007
           9          14   1.1681883827454149E-006
           9          15   1.4297718206861356E-003
           9          16   2.9060778528187985E-007
           9          17   9.8080608119707866E-007
           9          18  -2.9711456127557846E-003
           9          19   4.5489345766258217E-008
           9          20   8.3945677836400488E-007
           9          21   5.6354023078680022E-004
           9          22  -3.1518086816322952E-007
           9          23  -3.3428732484535036E-007
           9          24   6.9848418585641232E-005
           9          25   7.8522079976004952E-008
           9          26   1.2513392393691684E-011
           9          27   1.5365831670054720E-012
           9          28  -5.0886893964580621E-014
           9          29   8.1001337717143486E-013
           9          30  -1.7543897528060150E-012
           9          31   1.3739378601300663E-011
           9          32  -8.5453464642391833E-012
           9          33   4.3455087270113367E-012
           9          34  -1.8534192570108481E-011
           9          35   8.7717806650374856E-012
           9          36  -5.8852433649381573E-012
           9          37  -1.1259081859475881E-011
           9          38  -3.8366955954342848E-012
           9          39  -1.9981768067601332E-012
           9          40   1.0867147556308976E-011
           9          41  -1.4918572500134755E-011
           9          42   1.2774091168901678E-011
           9          43  -4.4608034107335062E-012
           9          44  -2.2269119718830117E-011
           9          45   1.2109707160066103E-012
           9          46  -1.2041404169897649E-011
           9          47   7.5560760768901562E-012
           9          48  -1.8409181951658462E-012
           9          49  -2.1911240154114983E-011
           9          50  -1.7191529988683675E-006
           9          51   5.0345529441712066E-004
           9          52   1.7590733790115888E-005
           9          53  -8.2269953484647405E-005
           9          54  -5.2800139104393581E-005
           9          55  -3.6541969529989217E-006
           9          56   1.0908473212432415E-004
           9          57  -1.5244689083103039E-005
           9          58   5.0208616442038942E-004
           9          59  -4.2981810301640186E-005
           9          60  -8.5828044244106096E-007
           9          61   1.0161441195500915E-004
           9          62  -6.6179005450419488E-006
           9          63   6.3006027586739750E-004
           9          64   1.7522301136223595E-005
           9          65   1.1833817166791715E-006
           9          66  -3.6320113132804873E-005
           9          67   4.4534020599665963E-006
           9          68   1.0255555366930100E-004
           9          69   1.4232708715619877E-005
          10           1   7.2163803242938250E-012
          10           2   3.5661262051956359E-011
          10           3  -6.4209175582498855E-011
          10           4   5.5858373935333417E-011
          10           5  -1.4691072813918316E-010
          10           6  -1.8948862785627798E-010
          10           7   5.7258647430479915E-010
          10           8  -3.2971541669159987E-008
          10           9   7.2419094868511537E-008
          10          10   1.9999488066526485     
          10          11  -2.0222026612455617E-007
          10          12   6.3500194126798429E-007
          10          13  -1.9969982774050397E-003
          10          14   4.4642425133591258E-007
          10          15   1.9757749748128838E-007
          10          16   1.4301595416249917E-003
          10          17   5.6504866882433673E-007
          10          18   1.7292846832914515E-007
          10          19  -2.9709828546703515E-003
          10          20   5.2889856515011151E-007
          10          21  -3.4557165284125650E-007
          10          22   5.5939297652055119E-004
          10          23  -2.0105201389702556E-007
          10          24   7.8134517533660508E-008
          10          25   7.0978443518692391E-005
          10          26   1.4877809557285443E-011
          10          27   2.4856622851199214E-011
          10          28   1.6106039004017194E-011
          10          29   9.8876478121394992E-012
          10          30  -1.1701715855740539E-011
          10          31   3.9625218770341868E-011
          10          32  -6.0975904275369929E-013
          10          33   2.9200554789252801E-011
          10          34  -1.9827272880845205E-011
          10          35   6.0493420187777999E-011
          10          36  -1.9325551519211923E-011
          10          37   2.2579326615359267E-011
          10          38  -1.0676042692876005E-010
          10          39  -2.5411560110536467E-011
          10          40  -9.6856921502621722E-011
          10          41  -6.9181836440652490E-011
          10          42   4.7255764114130010E-011
          10          43  -1.7395757410395902E-010
          10          44  -1.5386362917411316E-010
          10          45  -2.5558813060597542E-011
          10          46  -1.5065230379629122E-010
          10          47   2.5476081848339002E-011
          10          48   2.5038085323313530E-012
          10          49  -1.1835587465533844E-010
          10          50   8.5485377253714784E-005
          10          51  -5.2732148395520707E-005
          10          52  -3.0420540956758329E-006
          10          53   8.0848761538130945E-005
          10          54  -3.0118517372889502E-004
          10          55  -1.7993628361622831E-005
          10          56   4.9950660537007117E-004
          10          57  -1.1113509716216029E-004
          10          58  -5.7126063821321832E-005
          10          59   5.1004205049607525E-004
          10          60  -2.9153557996597946E-005
          10          61   1.7507732206692301E-005
          10          62   6.8514195389997001E-007
          10          63  -2.7008199035432066E-005
          10          64   3.6979713523349546E-004
          10          65   5.9243533577388072E-006
          10          66   1.0370785295548649E-004
          10          67   3.6600990081715291E-005
          10          68   1.9012829698109821E-005
          10          69   4.3438844397487766E-004
          11           1  -9.4908663834565011E-014
          11           2  -3.9598627266751120E-013
          11           3  -7.1849921775447760E-013
          11           4  -3.4721030540056742E-013
          11           5   7.8302120969623105E-013
          11           6  -6.3211246923036033E-012
          11           7   8.6094728727335689E-012
          11           8  -1.9990581617969801E-003
          11           9   1.7260146323614745E-007
          11          10  -2.0222026612455617E-007
          11          11   1.9453543193026528     
          11          12   1.1295666700085472E-005
          11          13   4.9832772169864162E-006
          11          14   8.0246612053486155E-003
          11          15   1.3864970848551637E-004
          11          16   1.0017051247924067E-004
          11          17  -3.4776616529703458E-002
          11          18   9.9459285112718466E-005
          11          19   5.7262577132128093E-005
          11          20   1.4144892873858061E-002
          11          21  -4.1435528507303824E-006
          11          22   2.3369827994801302E-007
          11          23  -2.1368319949499849E-003
          11          24  -1.0010790484783182E-005
          11          25  -6.9121316331815794E-006
          11          26   5.8613970864575032E-013
          11          27  -1.3702422567198547E-012
          11          28  -7.2089708243843965E-013
          11          29  -4.1511070273655612E-012
          11          30  -6.4464642307034388E-013
          11          31   1.1818415027038466E-012
          11          32   1.3230091111727531E-012
          11          33   7.6485493948641622E-014
          11          34  -4.3026754146049734E-013
          11          35   2.2813180544470820E-012
          11          36   3.1966676327166039E-013
          11          37  -9.7696014556728833E-013
          11          38  -1.2300580934871314E-013
          11          39  -2.3669283379152596E-013
          11          40   1.6008028625728620E-012
          11          41  -1.0411283428231392E-012
          11          42   3.2479205105275825E-014
          11          43   1.6874076673511274E-012
          11          44  -1.9261593103037365E-012
          11          45  -1.0253404909469251E-013
          11          46  -2.5793437481253445E-012
          11          47   9.6165507731983873E-014
          11          48  -6.0727150652978332E-014
          11          49  -2.0566155284656380E-012
          11          50   3.1256946143584978E-002
          11          51  -1.4043174108093164E-004
          11          52   2.4417711570807084E-002
          11          53   5.2508280039403714E-004
          11          54   4.2322250485706519E-003
          11          55  -2.2422290227714836E-003
          11          56  -1.0665591406224139E-004
          11          57  -5.3482005008193695E-003
          11          58  -5.6961543628817062E-004
          11          59  -3.0752078523162592E-003
          11          60   2.9942694441713554E-003
          11          61   1.9615827967217405E-006
          11          62  -2.3796462812125126E-004
          11          63  -1.5948248619222492E-004
          11          64  -6.4151375050500560E-004
          11          65   3.2801305583960881E-004
          11          66  -7.6690169558118874E-006
          11          67   4.1237785649977533E-003
          11          68   4.6486994419200300E-005
          11          69   4.0040448713099167E-004
          12           1   3.3989819877738244E-013
          12           2   8.2132807877609504E-013
          12           3   3.1267884800275882E-012
          12           4  -1.4446056110610120E-012
          12           5   1.3283427779978876E-011
          12           6   7.3553094113462339E-012
          12           7  -6.9554336269590108E-011
          12           8   1.7005446322529124E-007
          12           9  -2.0027975187973286E-003
          12          10   6.3500194126798429E-007
          12          11   1.1295666700085472E-005
          12          12   1.9452975056882083     
          12          13  -1.7474134897180194E-006
          12          14   1.3979797641264083E-004
          12          15   7.3465437990873272E-003
          12          16  -5.8136128431875466E-005
          12          17   9.7890297100601390E-005
          12          18  -3.5347044099771179E-002
          12          19  -4.7950957663652318E-005
          12          20  -3.7737534230804812E-006
          12          21   1.4183224508208555E-002
          12          22   1.3366656345099290E-006
          12          23  -1.0004611526059908E-005
          12          24  -2.0858171042353563E-003
          12          25   4.8506615669584276E-006
