           1           1   2.3265882657511874     
           1           2 -0.91055993978215921     
           1           3   8.3346062782519575E-002
           1           4  -2.6149195595667821E-002
           1           5   8.5022558850118779E-002
           1           6  -1.2120138310501205E-002
           1           7  -4.4917611464666378E-003
           1           8  -3.9955186284328723E-014
           1           9   8.9705815251923468E-015
           1          10   2.3201039540456113E-015
           1          11   9.2645220174653234E-015
           1          12   3.9037931769699578E-014
           1          13  -1.7342412023205205E-015
           1          14  -4.2519697314690464E-016
           1          15   4.1373437925808014E-014
           1          16  -1.0490173982628876E-014
           1          17   1.8887150938469112E-014
           1          18  -6.8354049462173261E-014
           1          19   1.9268881452283412E-014
           1          20   5.4245917162755066E-015
           1          21   5.0259904947431707E-015
           1          22   1.4692379714016467E-014
           1          23  -2.0350069109926032E-015
           1          24   1.2196461678446765E-015
           1          25  -7.4901625029528379E-015
           1          26   2.0921124049103701E-003
           1          27   1.0996752165238490E-003
           1          28   2.4065098642455512E-003
           1          29   5.3045074308066429E-004
           1          30   2.3375104533683651E-003
           1          31   2.5596594745127231E-003
           1          32   5.1912308810162424E-003
           1          33   3.6052430888182727E-004
           1          34   5.8915624303101481E-003
           1          35   6.9042469638135322E-004
           1          36   8.3392198533475059E-004
           1          37   5.8757032523041024E-003
           1          38   2.8029372285209215E-003
           1          39   3.1771560880632728E-005
           1          40   3.0913369607326411E-003
           1          41   1.4137440696743555E-004
           1          42   9.8286038583554700E-005
           1          43   3.0089975268791746E-003
           1          44   1.3062576363625847E-003
           1          45  -2.1997276814190808E-006
           1          46   1.3088548832390781E-003
           1          47  -1.4152629475023846E-005
           1          48  -5.4108304449126592E-006
           1          49   1.3006545349103845E-003
           1          50  -1.2618793776913823E-014
           1          51   9.5774331347568929E-015
           1          52  -6.7534986199237235E-015
           1          53   1.0743092506580768E-014
           1          54  -2.5005738474158459E-015
           1          55   3.1192303278500353E-015
           1          56  -6.3444073370786790E-016
           1          57  -3.4694898336186836E-015
           1          58   4.8949912333815383E-015
           1          59  -5.5162308901379457E-015
           1          60  -1.0388426131004518E-014
           1          61   6.4324255566073415E-015
           1          62  -6.4329907614271041E-015
           1          63   1.8942491719385962E-014
           1          64  -8.7833680019610366E-015
           1          65   2.1257746506289554E-018
           1          66  -5.9075064615687504E-015
           1          67  -9.2710248102018360E-015
           1          68   3.2354168434864021E-015
           1          69  -1.2958428876414903E-014
           2           1 -0.91055993978215921     
           2           2   2.5681082003950695     
           2           3 -0.35349054281057035     
           2           4   9.8669355525239422E-002
           2           5 -0.35478903415231700     
           2           6   4.6051914453451283E-002
           2           7   1.6848865037170035E-002
           2           8   3.2724558734986576E-014
           2           9  -2.3122556470132903E-014
           2          10   6.9811421961095392E-015
           2          11  -5.4374934868863298E-014
           2          12  -3.7337473248039650E-014
           2          13   2.4320956775098528E-014
           2          14  -3.3508262858841152E-014
           2          15  -4.2529162680261260E-014
           2          16   3.6739667973006969E-015
           2          17   1.4001215761167450E-014
           2          18   7.0941003443183295E-014
           2          19  -1.2793944912960115E-014
           2          20  -5.3225844086549951E-016
           2          21  -1.1229998664127554E-014
           2          22  -2.6006997346692925E-014
           2          23   3.9005855494908587E-015
           2          24   1.7306590868541432E-015
           2          25   4.0446655198321946E-015
           2          26  -7.3849310662734008E-003
           2          27  -4.2616668169113145E-003
           2          28  -8.5896507721969755E-003
           2          29  -2.2259072140874102E-003
           2          30  -9.0722985730905571E-003
           2          31  -9.2743247600727031E-003
           2          32  -1.9229190030314487E-002
           2          33  -1.4131911207430330E-003
           2          34  -2.1897203512617227E-002
           2          35  -2.7610807710327931E-003
           2          36  -3.2656404255184518E-003
           2          37  -2.1902553085477602E-002
           2          38  -1.0715609154875846E-002
           2          39  -1.3345642385541832E-004
           2          40  -1.1804577288452543E-002
           2          41  -5.6237048089712775E-004
           2          42  -4.0116654475564489E-004
           2          43  -1.1508193348414648E-002
           2          44  -4.9052242560440667E-003
           2          45   8.6104463056855719E-006
           2          46  -4.9163965440757679E-003
           2          47   5.2721023292648733E-005
           2          48   2.1135925807555083E-005
           2          49  -4.8850330326090530E-003
           2          50   2.9542638122825471E-014
           2          51  -2.0297271503767794E-015
           2          52   1.9668198044932554E-014
           2          53  -1.6376086127894093E-014
           2          54   1.0620565858546226E-014
           2          55  -5.6600040567403294E-015
           2          56   2.6265348447833224E-015
           2          57   2.6310073959117566E-015
           2          58  -6.3793903132048875E-015
           2          59   7.0065470519945472E-015
           2          60  -3.7560775427088258E-015
           2          61  -1.5532340538027752E-014
           2          62   1.1182934832168203E-014
           2          63  -1.9220114696084581E-014
           2          64   1.8726282939786761E-014
           2          65  -2.7796677790815427E-015
           2          66   1.2789512026265336E-014
           2          67   8.5158448032907205E-015
           2          68   9.2665090550613396E-015
           2          69   2.3269768678430917E-014
           3           1   8.3346062782519575E-002
           3           2 -0.35349054281057035     
           3           3  0.54032254256073875     
           3           4   6.0828255514968552E-003
           3           5  0.52486775346444881     
           3           6   2.6332406919910064E-003
           3           7  -8.7118931890809107E-003
           3           8   4.1683585890893437E-013
           3           9  -2.4902855864537118E-014
           3          10  -1.7502283060870843E-013
           3          11   1.3432091431950465E-014
           3          12   3.9245845578009638E-015
           3          13   5.0925111461020695E-014
           3          14   1.5524711364937837E-014
           3          15  -7.8035425332753538E-016
           3          16   5.9184863459453326E-015
           3          17   4.0348948464653929E-014
           3          18   4.4845101867142303E-014
           3          19   1.3816149363426743E-015
           3          20   3.7300835110477418E-014
           3          21   3.9566875326621992E-014
           3          22   4.7265345207416159E-015
           3          23  -1.3393086718110061E-014
           3          24  -1.0822600568393318E-014
           3          25  -4.5712925142271511E-016
           3          26   4.6543591483366835E-003
           3          27   4.1224201047647124E-003
           3          28   5.0105840955346481E-003
           3          29   1.1355313150300398E-002
           3          30   9.4554122478735549E-003
           3          31   1.0635139728606243E-002
           3          32   1.2568736533897965E-002
           3          33   1.9376378012455637E-003
           3          34   1.1984531633905442E-002
           3          35   6.5351935795833864E-003
           3          36   4.3063572896639086E-003
           3          37   1.5585674040727826E-002
           3          38   1.1726780769752847E-002
           3          39   7.5905430776318722E-004
           3          40   1.1154339528330994E-002
           3          41   1.5440199131260409E-003
           3          42   1.6133288728847233E-003
           3          43   1.2239726515288346E-002
           3          44   3.3406402260474045E-003
           3          45  -3.6263963882440973E-005
           3          46   3.3659513410150008E-003
           3          47  -2.8641835444119520E-005
           3          48  -7.8743482194158979E-005
           3          49   3.3373996851283937E-003
           3          50  -2.9518756138236135E-014
           3          51  -1.3795879226034037E-014
           3          52  -1.5181297731630900E-014
           3          53  -2.3474561152388343E-014
           3          54  -2.0146226893455731E-015
           3          55  -3.1163888382082625E-015
           3          56  -2.9146538708404609E-015
           3          57  -1.4914661201702990E-014
           3          58  -9.8958296734102321E-015
           3          59  -9.2343590109873129E-015
           3          60  -1.7773908842455765E-014
           3          61  -1.4041420557173107E-014
           3          62  -1.7725175374790897E-014
           3          63  -3.8898485877002523E-014
           3          64  -3.9452812099121752E-015
           3          65   4.8682523620183682E-016
           3          66  -6.4773885084976882E-016
           3          67  -1.3297199469719293E-014
           3          68  -1.2601489037562795E-014
           3          69   1.3392666795591198E-015
           4           1  -2.6149195595667821E-002
           4           2   9.8669355525239422E-002
           4           3   6.0828255514968552E-003
           4           4  0.63101728310112315     
           4           5  -1.3776825346807065E-002
           4           6  0.29767726821665463     
           4           7   5.6367991753114272E-002
           4           8   3.3567245645490904E-012
           4           9  -1.4602757951914663E-013
           4          10  -1.3021224981056529E-012
           4          11  -9.8923759882928272E-014
           4          12  -1.1261011389426914E-013
           4          13  -4.9250487627056748E-014
           4          14  -4.7300294288423989E-015
           4          15  -1.0255457552810184E-014
           4          16   8.7932616858800612E-015
           4          17   9.8335486628788184E-014
           4          18   1.3151927307297457E-014
           4          19   6.1941409201697109E-014
           4          20   5.0830886963084176E-014
           4          21   1.2563463962312573E-014
           4          22   6.6326645396980264E-014
           4          23   2.0086766947102759E-014
           4          24  -1.2397114287021316E-014
           4          25  -1.3824250299429357E-014
           4          26  -1.2653004209198104E-002
           4          27  -1.4792915513268414E-002
           4          28  -1.9255653270249085E-002
           4          29   2.8311571674253574E-002
           4          30  -2.8467775286496570E-002
           4          31  -2.5547586257353514E-003
           4          32  -4.2524205124169913E-002
           4          33  -3.8656801616148142E-003
           4          34  -6.3140675855336253E-002
           4          35   6.5448436157913310E-003
           4          36  -9.0541000025821747E-003
           4          37  -4.9199730584474688E-002
           4          38  -5.5836056995739580E-003
           4          39   1.7830582422449399E-003
           4          40  -1.5203533930122705E-002
           4          41   2.4515718763726798E-003
           4          42   3.0306510606157439E-003
           4          43  -8.8569477601431242E-003
           4          44  -1.2274868167912519E-002
           4          45  -1.1213531105136770E-004
           4          46  -1.2278270786419257E-002
           4          47   1.6356026273208361E-004
           4          48  -2.2448361109234617E-004
           4          49  -1.2203522375291764E-002
           4          50   3.0984067443516869E-015
           4          51   1.1517109136559281E-014
           4          52   7.1892012358628418E-015
           4          53   6.3023357876049829E-016
           4          54   3.0712117093541921E-015
           4          55  -1.0849859796934558E-014
           4          56  -6.9277802760571224E-015
           4          57   6.8192291633601257E-015
           4          58  -2.9527764699646327E-015
           4          59  -6.1611856388869285E-015
           4          60   2.1001771378782767E-014
           4          61   8.1577218026637971E-015
           4          62   1.8298931516940972E-014
           4          63  -7.6731927331636871E-015
           4          64   1.5970220817994061E-014
           4          65  -2.2549570457128719E-015
           4          66   3.8599396896864193E-015
           4          67   1.0023154835717111E-014
           4          68  -2.2189829772838579E-015
           4          69  -1.5895302520331082E-014
           5           1   8.5022558850118779E-002
           5           2 -0.35478903415231700     
           5           3  0.52486775346444881     
           5           4  -1.3776825346807065E-002
           5           5  0.51050176775225997     
           5           6  -6.7667989969485906E-003
           5           7  -1.0255742381277431E-002
           5           8   1.8289298738209407E-013
           5           9   1.9286573528760241E-016
           5          10  -1.0178136037316407E-013
           5          11   3.1476390286152959E-014
           5          12  -2.9943003504584439E-014
           5          13   1.0941066553958113E-013
           5          14   1.6083615378534254E-014
           5          15  -1.2838988043732859E-015
           5          16   7.0577988718170542E-015
           5          17   3.5965267376426214E-014
           5          18   4.2515754793839488E-014
           5          19   4.5125450994670807E-016
           5          20   3.4640657899998122E-014
           5          21   3.7792510149248481E-014
           5          22   3.3139096780471120E-015
           5          23  -1.3670447848156580E-014
           5          24  -9.9427776108118340E-015
           5          25  -2.0341164053868588E-016
           5          26   5.1075139470847250E-003
           5          27   4.0160538214799504E-003
           5          28   5.5812475039205981E-003
           5          29   9.3743963057454950E-003
           5          30   9.0955217251542635E-003
           5          31   1.0163995815313666E-002
           5          32   1.3700884445533620E-002
           5          33   1.7695945799872559E-003
           5          34   1.3742616202193487E-002
           5          35   5.7453870237131584E-003
           5          36   3.9635756821089366E-003
           5          37   1.6616636892192938E-002
           5          38   1.1623130896787695E-002
           5          39   6.2061279980291561E-004
           5          40   1.1358272089702949E-002
           5          41   1.3192711122457564E-003
           5          42   1.3410677182730331E-003
           5          43   1.2166182176055342E-002
           5          44   3.6379563357213014E-003
           5          45  -3.0115691821921780E-005
           5          46   3.6633042310781983E-003
           5          47  -2.7239750280346899E-005
           5          48  -6.5705565996663839E-005
           5          49   3.6356164861046907E-003
           5          50  -2.9095033360587734E-014
           5          51  -1.3707253757311563E-014
           5          52  -1.4641079566071625E-014
           5          53  -2.2623144634917948E-014
           5          54  -2.1183086456789270E-015
           5          55  -3.1890828167042543E-015
           5          56  -1.1855476441001516E-015
           5          57  -1.5022760397866128E-014
           5          58  -1.0079278130279653E-014
           5          59  -9.2456183757410867E-015
           5          60  -1.8048812470478239E-014
           5          61  -1.3661237916301751E-014
           5          62  -1.7921679031788641E-014
           5          63  -3.7017696693036376E-014
           5          64  -4.5801999837821744E-015
           5          65   6.3529615049846049E-016
           5          66  -1.3315345849221825E-015
           5          67  -1.3182950097268101E-014
           5          68  -1.1839300104002050E-014
           5          69   1.1706753526064228E-015
           6           1  -1.2120138310501205E-002
           6           2   4.6051914453451283E-002
           6           3   2.6332406919910064E-003
           6           4  0.29767726821665463     
           6           5  -6.7667989969485906E-003
           6           6  0.14089278230705707     
           6           7   2.6873896246815177E-002
           6           8   3.0623161617059030E-012
           6           9  -1.1576455311989195E-013
           6          10  -1.1220088493408569E-012
           6          11  -1.6935775286968855E-013
           6          12   1.8569597427721323E-013
           6          13  -1.9877213551060139E-013
           6          14  -1.0030788739937906E-014
           6          15   2.2490595612589534E-015
           6          16   1.6865712943010316E-015
           6          17   4.8505646848411429E-014
           6          18   3.4995983643047317E-015
           6          19   2.3080366203696585E-014
           6          20   2.4042634473086988E-014
           6          21   6.5850638587184874E-015
           6          22   2.6438374420383527E-014
           6          23   1.0011786855308635E-014
           6          24  -7.3546767794284249E-015
           6          25  -5.3334073007906782E-015
           6          26  -8.1383067705358969E-003
           6          27  -1.9621134141594755E-003
           6          28  -1.0329375574920897E-002
           6          29   2.2663515671807719E-002
           6          30  -2.4905957094896198E-003
           6          31   1.8724030967763306E-003
           6          32  -2.1791185915798306E-002
           6          33   7.7613590809985427E-004
           6          34  -3.1116277320765599E-002
           6          35   7.8919520637793349E-003
           6          36   1.3428167200386864E-003
           6          37  -2.2266431348696887E-002
           6          38  -3.1799042188977696E-003
           6          39   1.5250630443599078E-003
           6          40  -7.6142694055618115E-003
           6          41   2.4133305541114850E-003
           6          42   2.9063918696890711E-003
           6          43  -4.0363320919570315E-003
           6          44  -5.8621880635373680E-003
           6          45  -7.1190248714913344E-005
           6          46  -5.8718414449559784E-003
           6          47   8.5071171261963862E-006
           6          48  -1.4898518736186409E-004
           6          49  -5.8651765544250681E-003
           6          50   4.1800787526353264E-015
           6          51   3.8836973824377112E-015
           6          52   4.6327583022573723E-015
           6          53   1.5432570819921817E-016
           6          54  -1.3566067641955046E-015
           6          55  -1.5212491268302439E-015
           6          56  -5.1380035508486207E-015
           6          57   2.7480333022743026E-015
           6          58   2.5784116710869491E-015
           6          59  -2.1569483297242450E-015
           6          60   1.1428374109958710E-014
           6          61   3.5289473584740614E-015
           6          62   8.8505839364798049E-015
           6          63  -5.4968758237277356E-015
           6          64   9.1807368590761965E-015
           6          65  -1.6426401864777692E-015
           6          66   4.0630937756722306E-015
           6          67   4.8057057798694417E-015
           6          68  -3.4105276886044035E-015
           6          69  -3.8170118757877239E-015
           7           1  -4.4917611464666378E-003
           7           2   1.6848865037170035E-002
           7           3  -8.7118931890809107E-003
           7           4   5.6367991753114272E-002
           7           5  -1.0255742381277431E-002
           7           6   2.6873896246815177E-002
           7           7   5.3659442863277871E-003
           7           8   1.2542596544627870E-012
           7           9  -9.6883100175768569E-013
           7          10   9.5661939356259277E-013
           7          11  -6.2611531776819951E-013
           7          12   5.6493492260338283E-014
           7          13  -5.1009268889248020E-012
           7          14  -2.3278586895027218E-014
           7          15  -1.5833888856667310E-014
           7          16  -1.6535849879757371E-013
           7          17   4.3856395021175300E-015
           7          18   3.8116517432875698E-014
           7          19  -3.8945864441812986E-014
           7          20  -2.5699544656056652E-016
           7          21   7.4621146410613303E-015
           7          22  -2.3477444192659754E-014
           7          23   3.5253025498705135E-015
           7          24  -3.5068985079788509E-015
           7          25   6.5304041175051988E-015
           7          26  -2.4114019047936485E-003
           7          27   1.8575328632833448E-003
           7          28  -2.4762893120049852E-003
           7          29   7.3409869529970397E-003
           7          30   4.3116712142327630E-003
           7          31   1.2561139851879244E-003
           7          32  -4.9959253537168258E-003
           7          33   1.3024956131270663E-003
           7          34  -6.6262829190249792E-003
           7          35   3.0430585394848461E-003
           7          36   2.7136326042325699E-003
           7          37  -4.2042518682508453E-003
           7          38  -1.0101188697824285E-003
           7          39   5.8932894288563911E-004
           7          40  -1.8094946635126346E-003
           7          41   8.6497981993150441E-004
           7          42   1.1907107786149167E-003
           7          43  -9.4195414207104726E-004
           7          44  -1.2002401835782691E-003
           7          45  -2.1330491124374066E-005
           7          46  -1.2053528748030985E-003
           7          47  -2.1905615344236728E-005
           7          48  -4.6286724175844830E-005
           7          49  -1.2136862931062815E-003
           7          50   8.9566918895582802E-015
           7          51   1.8964165585135093E-014
           7          52  -4.3814318585752948E-014
           7          53  -3.6837248965075090E-015
           7          54   2.2991081293148253E-014
           7          55  -5.1566680722763810E-015
           7          56  -1.3418383253569205E-013
           7          57   3.9792953910612636E-014
           7          58  -2.3445982124273035E-015
           7          59   4.0795117264539635E-014
           7          60   8.1467298320078330E-015
           7          61  -8.8407728274998739E-015
           7          62   1.3653990573431581E-014
           7          63  -1.3562615528713168E-014
           7          64   8.6175539794571649E-015
           7          65   1.1987413297068545E-015
           7          66   3.7306107625801622E-014
           7          67  -4.3807620678337267E-015
           7          68  -5.6159851522523502E-015
           7          69   2.1909397089283977E-014
           8           1  -3.9955186284328723E-014
           8           2   3.2724558734986576E-014
           8           3   4.1683585890893437E-013
           8           4   3.3567245645490904E-012
           8           5   1.8289298738209407E-013
           8           6   3.0623161617059030E-012
           8           7   1.2542596544627870E-012
           8           8   2.2326924039989109     
           8           9   8.0913229249451185E-005
           8          10  -6.5819989433439641E-005
           8          11 -0.73363285493955099     
           8          12  -3.2345499279874679E-004
           8          13   4.2306568596656852E-004
           8          14  -2.6183657214912129E-002
           8          15  -2.3455719338416224E-005
           8          16   8.6327387765872772E-005
           8          17  -6.9824665852450570E-003
           8          18   4.0578077047779182E-004
           8          19  -1.1268191954019854E-003
           8          20  -4.0550063277194808E-003
           8          21   7.3955715311600702E-005
           8          22  -2.6411212378140304E-004
           8          23   1.0689824938286557E-003
           8          24  -1.8651926586842472E-005
           8          25   6.5180781847216495E-005
           8          26   2.6683787788694085E-013
           8          27   8.3065949853087332E-014
           8          28   4.3522763019183960E-013
           8          29  -2.7389511267492248E-014
           8          30  -7.5760904504739686E-014
           8          31   2.7713072497440104E-013
           8          32  -1.8777420749092157E-012
           8          33  -1.5615932040827824E-013
           8          34  -1.9759005131052191E-012
           8          35   1.0311678920249684E-013
           8          36  -3.0970718970836351E-014
           8          37  -1.8814590294522615E-012
           8          38  -1.5905848589312008E-012
           8          39   1.6560369939226975E-013
           8          40  -1.5183662673663393E-012
           8          41   4.3012789387067150E-014
           8          42   1.3608167844548029E-014
           8          43  -1.6451194432473329E-012
           8          44  -5.7823104932488466E-013
           8          45  -2.7373927094436187E-014
           8          46  -5.8050566527227082E-013
           8          47  -7.7711172885916262E-014
           8          48   6.2463233995324823E-014
           8          49  -4.4722799787115846E-013
           8          50   2.0709389975922437E-003
           8          51   4.6789040298962533E-004
           8          52  -5.2457074902034478E-003
           8          53  -2.5489917107827942E-004
           8          54   2.9459410506052354E-003
           8          55  -2.2371793006509082E-004
           8          56   4.1035316600433877E-004
           8          57  -4.2578893224582528E-003
           8          58  -1.0512418179517804E-004
           8          59  -2.0959479965631982E-003
           8          60   4.1654805884348478E-003
           8          61  -9.4417143430767481E-005
           8          62   2.5463893265718586E-003
           8          63  -1.1997245239723722E-004
           8          64  -2.3750508700877800E-004
           8          65   5.8869727355356996E-005
           8          66   2.1064846467610371E-004
           8          67   2.3843231479202583E-003
           8          68  -6.0595664384931604E-005
           8          69   7.9034354147901548E-004
           9           1   8.9705815251923468E-015
           9           2  -2.3122556470132903E-014
           9           3  -2.4902855864537118E-014
           9           4  -1.4602757951914663E-013
           9           5   1.9286573528760241E-016
           9           6  -1.1576455311989195E-013
           9           7  -9.6883100175768569E-013
           9           8   8.0913229249451185E-005
           9           9   2.2325489382756567     
           9          10   1.5271871161619526E-004
           9          11  -3.1774110587293874E-004
           9          12 -0.73249977638339814     
           9          13  -5.6264469314774336E-004
           9          14  -1.8414501875562935E-005
           9          15  -2.5578095805852519E-002
           9          16   5.6503712158987879E-006
           9          17   3.9321477826262190E-004
           9          18  -8.0121401973846824E-003
           9          19   7.4889385572950574E-004
           9          20   7.1715552796936698E-005
           9          21  -4.2671882112641380E-003
           9          22   1.3765738682073236E-004
           9          23  -1.8057455276845893E-005
           9          24   1.1234598940485473E-003
           9          25  -3.4860707848390012E-005
           9          26  -4.9430345074989624E-015
           9          27  -1.5528072217732534E-015
           9          28   7.5145785976484815E-015
           9          29  -1.2750108883494170E-014
           9          30  -2.7692717803612068E-014
           9          31  -4.8542045872536910E-015
           9          32   1.5809918452404186E-013
           9          33   1.8417931897908743E-015
           9          34   1.6538697062250477E-013
           9          35   5.1025604315806238E-015
           9          36  -1.0095446802782283E-014
           9          37   1.5658448216485367E-013
           9          38   2.1537330024693407E-013
           9          39  -1.9320183985026640E-015
           9          40   2.1052002350348190E-013
           9          41  -3.7982875990256220E-015
           9          42  -7.6126958503155010E-015
           9          43   2.3292932899075646E-013
           9          44   2.9301998934375952E-013
           9          45   3.3686718408884053E-015
           9          46   2.8540782640972665E-013
           9          47  -2.8881400371290492E-016
           9          48  -1.3139499426898854E-014
           9          49   2.7832854176128520E-013
           9          50   4.5070268818756670E-004
           9          51  -5.5734334637045999E-003
           9          52  -4.9678132140961991E-004
           9          53   2.9670571127382375E-003
           9          54  -8.0380212452713096E-006
           9          55   1.0737050550284491E-003
           9          56   4.9334460583743276E-005
           9          57  -8.8250089272270244E-005
           9          58  -5.1304535144899317E-003
           9          59  -1.3592278300809685E-005
           9          60  -2.0848869781163974E-004
           9          61   2.7925491880057768E-003
           9          62   2.5460933841252363E-005
           9          63   4.4661298437252998E-003
           9          64  -1.3440371791057523E-004
           9          65  -1.9566700149329275E-004
           9          66  -5.9935667937451362E-005
           9          67  -5.1002371071126216E-005
           9          68   2.7129617586764279E-003
           9          69  -2.8777164611208900E-004
          10           1   2.3201039540456113E-015
          10           2   6.9811421961095392E-015
          10           3  -1.7502283060870843E-013
          10           4  -1.3021224981056529E-012
          10           5  -1.0178136037316407E-013
          10           6  -1.1220088493408569E-012
          10           7   9.5661939356259277E-013
          10           8  -6.5819989433439641E-005
          10           9   1.5271871161619526E-004
          10          10   2.2325902637911796     
          10          11   4.1583771427303878E-004
          10          12  -5.6875462784937436E-004
          10          13 -0.73288258259289085     
          10          14   7.9475214225584612E-005
          10          15   2.6875301110604322E-007
          10          16  -2.5859583453090633E-002
          10          17  -1.1152238552518128E-003
          10          18   7.6248238527708702E-004
          10          19  -8.0540806962826061E-003
          10          20  -2.6164956073270232E-004
          10          21   1.4010965882477666E-004
          10          22  -4.2918545565169049E-003
          10          23   6.4453632305801808E-005
          10          24  -3.5513969560892032E-005
          10          25   1.1281612442202227E-003
          10          26  -1.0785061402912159E-013
          10          27  -3.7147311680754734E-014
          10          28  -1.9205233997234254E-013
          10          29   4.1733113092310087E-015
          10          30   4.5434589512359083E-014
          10          31  -1.3210235641780491E-013
          10          32   6.0048840531651596E-013
          10          33   6.6210101852725585E-014
          10          34   6.5044261751458102E-013
          10          35  -3.5288382216305775E-014
          10          36   8.3729465539417576E-015
          10          37   6.1570239256556679E-013
          10          38   3.5132328535529661E-013
          10          39  -7.1871152281374412E-014
          10          40   3.3265678863032053E-013
          10          41  -2.6513034910672949E-014
          10          42  -2.3002933983126825E-015
          10          43   3.8657486228511143E-013
          10          44  -1.8995418103321401E-013
          10          45   6.4855466482611341E-015
          10          46  -2.1266175189339888E-013
          10          47   3.2371602751649075E-014
          10          48  -4.7736904693705287E-014
          10          49  -2.5015995792759785E-013
          10          50   1.9552542222813132E-003
          10          51   1.8857264397979746E-005
          10          52   4.4570819300153355E-004
          10          53   2.7853258948038530E-004
          10          54  -4.4622911230122065E-003
          10          55  -2.4589529016966899E-004
          10          56  -5.2244038341035075E-003
          10          57  -2.5231747673818720E-003
          10          58  -3.6829270571670306E-004
          10          59   2.4267213209994620E-003
          10          60   3.4080306081852799E-004
          10          61  -1.4252719945381987E-004
          10          62   2.0482477611731022E-004
          10          63  -3.1590680213487872E-004
          10          64   2.6800835460418556E-003
          10          65   4.3438704852695985E-005
          10          66   2.7802271345025056E-003
          10          67   3.5888556944300591E-004
          10          68  -2.5836082789649703E-005
          10          69   4.5093994544450492E-003
          11           1   9.2645220174653234E-015
          11           2  -5.4374934868863298E-014
          11           3   1.3432091431950465E-014
          11           4  -9.8923759882928272E-014
          11           5   3.1476390286152959E-014
          11           6  -1.6935775286968855E-013
          11           7  -6.2611531776819951E-013
          11           8 -0.73363285493955099     
          11           9  -3.1774110587293874E-004
          11          10   4.1583771427303878E-004
          11          11   2.3078153004434583     
          11          12   1.4321141238055196E-003
          11          13  -2.9155863101309742E-003
          11          14   7.9848720119662681E-002
          11          15   1.8138674693377477E-004
          11          16  -7.9390202512864654E-004
          11          17   2.2171017710903539E-002
          11          18  -1.4778688937904677E-003
          11          19   3.1478936304929787E-003
          11          20   1.2485720416522145E-002
          11          21  -2.6907618072397727E-004
          11          22   6.6661922985239474E-004
          11          23  -3.2914772397118711E-003
          11          24   6.7670237493188317E-005
          11          25  -1.6248206907824625E-004
          11          26   1.1299588303203932E-014
          11          27  -6.1261303919557747E-014
          11          28   2.1354228647117842E-014
          11          29  -1.0843411587356333E-013
          11          30   9.4117152720799579E-015
          11          31   1.7679200646202964E-014
          11          32   1.0347317711927477E-013
          11          33  -1.3213187101262192E-014
          11          34   1.1932763591074750E-013
          11          35  -5.2046186842422189E-014
          11          36   1.8940757710506821E-014
          11          37   7.6389796765121369E-014
          11          38   1.8551158839398483E-013
          11          39  -3.4457028574182462E-015
          11          40   1.2807466824447789E-013
          11          41   1.7582526466115236E-014
          11          42  -3.0576326808748063E-014
          11          43   1.3807726485321069E-013
          11          44   1.7252490689641248E-013
          11          45   7.4418760255273173E-015
          11          46   2.3248313003285818E-013
          11          47   9.6063857742137055E-015
          11          48   2.7013986046181651E-014
          11          49   1.9047892481725695E-013
          11          50  -6.7729779814338226E-003
          11          51  -1.6699263489671904E-003
          11          52   1.8349539077070775E-002
          11          53   9.1635186637016976E-004
          11          54  -9.7028945206719015E-003
          11          55   8.0006248427550602E-004
          11          56  -1.2094709818965994E-003
          11          57   1.4992314851296549E-002
          11          58   4.0441004801756997E-004
          11          59   7.6754321092031364E-003
          11          60  -1.2422423580402643E-002
          11          61   3.8834694035926720E-004
          11          62  -8.2835037743575722E-003
          11          63   4.2606238232094926E-004
          11          64   1.0684439834310756E-003
          11          65  -2.0644553939557389E-004
          11          66  -5.0726478517519992E-004
          11          67  -7.6914812112892882E-003
          11          68   2.0979072569737032E-004
          11          69  -2.4183177206140594E-003
          12           1   3.9037931769699578E-014
          12           2  -3.7337473248039650E-014
          12           3   3.9245845578009638E-015
          12           4  -1.1261011389426914E-013
          12           5  -2.9943003504584439E-014
          12           6   1.8569597427721323E-013
          12           7   5.6493492260338283E-014
          12           8  -3.2345499279874679E-004
          12           9 -0.73249977638339814     
          12          10  -5.6875462784937436E-004
          12          11   1.4321141238055196E-003
          12          12   2.3016459490757155     
          12          13   2.4872810770480945E-003
          12          14   1.6473271248691745E-004
          12          15   7.7614501023532151E-002
          12          16   1.9484819626812639E-004
          12          17  -1.4359028295260505E-003
          12          18   2.5137702730030652E-002
          12          19  -2.7825625965204560E-003
          12          20  -2.6114514364090945E-004
          12          21   1.3038507186075635E-002
          12          22  -5.1295904625365402E-004
          12          23   6.5538091626690632E-005
          12          24  -3.4329802240858917E-003
          12          25   1.2946682135409532E-004
