           1           1   2.2950019326805471     
           1           2 -0.86333675619613759     
           1           3   8.9013802823354679E-002
           1           4  -2.3173269675155740E-002
           1           5   9.1263749621991602E-002
           1           6  -1.2495067522663248E-002
           1           7  -1.6603410824744900E-003
           1           8  -6.6789274491212632E-014
           1           9   2.7749134495487353E-012
           1          10   2.0620872120591234E-012
           1          11   9.6204729550393362E-014
           1          12  -8.7173816846692146E-012
           1          13  -7.2952597723472750E-012
           1          14   2.5823795683848741E-014
           1          15  -2.9013015102021630E-013
           1          16  -7.8879658428105359E-013
           1          17   1.6359789316924241E-012
           1          18   1.5051727790451044E-012
           1          19   9.3348105243052723E-013
           1          20  -7.6161674774783476E-013
           1          21  -7.6760920460416195E-013
           1          22   4.6199868304492366E-013
           1          23   3.5850195017620909E-014
           1          24   3.1572523164663334E-014
           1          25   6.2464824424534491E-014
           1          26  -3.6935018359419100E-003
           1          27   6.8867917344773612E-010
           1          28   3.8940646652398676E-003
           1          29   1.3072167798747387E-009
           1          30  -6.6136289426261224E-013
           1          31   3.8940646656881110E-003
           1          32   4.7207162125462573E-003
           1          33   1.6613299153993380E-010
           1          34   6.4647458833826717E-003
           1          35   3.0074478876149253E-010
           1          36  -1.0204287273746760E-012
           1          37   6.4647458835194582E-003
           1          38   3.2807777933465138E-003
           1          39  -3.3668428973441624E-011
           1          40   2.8679408037032492E-003
           1          41  -7.0662282215928730E-011
           1          42  -4.7240352088690782E-013
           1          43   2.8679408036361253E-003
           1          44   5.8638167936927077E-004
           1          45  -8.5249610822907799E-012
           1          46   4.8829367948404411E-004
           1          47  -1.6755828329654904E-011
           1          48  -1.7542621005685158E-014
           1          49   4.8829367942795649E-004
           1          50  -4.3590695152277182E-013
           1          51  -2.3445926414128312E-013
           1          52  -2.6729192635225412E-013
           1          53  -9.3464439504072654E-013
           1          54   1.3935167424435838E-013
           1          55  -1.2151363873215331E-013
           1          56   1.7131210917452736E-013
           1          57  -1.7720926861001893E-013
           1          58  -2.4207028987182632E-013
           1          59   1.7306503165227599E-013
           1          60  -9.4922105337306550E-013
           1          61  -4.3888696476527735E-013
           1          62  -4.3743223029064801E-013
           1          63  -8.4934541005271849E-013
           1          64  -9.1982036150390175E-014
           1          65  -2.1126666874205518E-014
           1          66   1.7065720406122448E-014
           1          67  -3.6617762521151237E-013
           1          68  -3.0514642262208669E-013
           1          69  -1.0903762420370118E-013
           2           1 -0.86333675619613759     
           2           2   2.5492699740561884     
           2           3 -0.36828878989721459     
           2           4   8.7955869926949190E-002
           2           5 -0.37106474458783800     
           2           6   4.7403184011728633E-002
           2           7   6.4687813500387088E-003
           2           8   4.2029132790801633E-013
           2           9  -1.2878918354431366E-011
           2          10  -9.3580881498808298E-012
           2          11  -3.0819427111074425E-013
           2          12   4.0401688953414231E-011
           2          13   3.1721339852929587E-011
           2          14   6.9976462986700722E-014
           2          15   1.4299138921789590E-012
           2          16   3.0157912720333429E-012
           2          17  -6.7894993098847244E-012
           2          18  -5.6650552346573007E-012
           2          19  -4.3413176995929062E-012
           2          20   2.8934406561977624E-012
           2          21   2.8666002865305157E-012
           2          22  -1.6354172889359023E-012
           2          23  -1.6011828226503028E-013
           2          24  -1.1958576315147332E-013
           2          25  -2.4419000607826036E-013
           2          26   1.5379240104909217E-002
           2          27  -2.6981555515681077E-009
           2          28  -1.4352518955263450E-002
           2          29  -5.1272933978840788E-009
           2          30   2.5364495938466155E-012
           2          31  -1.4352518957133844E-002
           2          32  -1.7836536186821336E-002
           2          33  -6.5994704424444439E-010
           2          34  -2.4777332596674761E-002
           2          35  -1.1988044999080678E-009
           2          36   4.0038812744821264E-012
           2          37  -2.4777332597242178E-002
           2          38  -1.2973764409194774E-002
           2          39   1.0805574575887116E-010
           2          40  -1.1628605234344428E-002
           2          41   2.2946450493723742E-010
           2          42   1.7558894709702808E-012
           2          43  -1.1628605234126749E-002
           2          44  -2.4187329851717990E-003
           2          45   3.2899077648654358E-011
           2          46  -2.0403390334404119E-003
           2          47   6.4695701471295085E-011
           2          48   7.3470567878466208E-014
           2          49  -2.0403390332227470E-003
           2          50   1.7127724578496819E-012
           2          51   8.7144339979530967E-013
           2          52   1.0467104068680430E-012
           2          53   3.6071676422331231E-012
           2          54  -3.3319818479696263E-013
           2          55   4.7636384176226247E-013
           2          56  -6.4128008191888722E-013
           2          57   6.9488974245355124E-013
           2          58   7.9660659072829410E-013
           2          59  -2.0562331635827192E-013
           2          60   3.7713671037100491E-012
           2          61   1.6399730714951474E-012
           2          62   1.7287145446476293E-012
           2          63   3.1293475006030865E-012
           2          64   5.0579746906860356E-013
           2          65   7.7889066345608508E-014
           2          66   1.1932449716011363E-013
           2          67   1.4639825092000058E-012
           2          68   1.1312436816345017E-012
           2          69   7.6979311267048592E-013
           3           1   8.9013802823354679E-002
           3           2 -0.36828878989721459     
           3           3  0.54209481440758234     
           3           4  -2.9272668716002037E-002
           3           5  0.52856885481912652     
           3           6  -4.5542852711882367E-003
           3           7  -3.9687439852081679E-003
           3           8  -2.4261738570150108E-014
           3           9   1.7745237183767185E-012
           3          10  -5.3428472909592560E-012
           3          11  -1.4441719825558064E-012
           3          12  -8.2504543675567012E-012
           3          13   1.3061257149989436E-011
           3          14  -3.5268810194918053E-013
           3          15  -9.1495157661888390E-013
           3          16  -2.0428302229545199E-012
           3          17   7.4955770575440513E-012
           3          18   3.2430276524729122E-012
           3          19   3.4402307151489039E-012
           3          20   5.6172762126448690E-013
           3          21   3.2474871343518561E-013
           3          22  -1.2084892848580463E-012
           3          23   2.0452979583544018E-013
           3          24  -6.5913775104826288E-014
           3          25   4.0072660968108935E-014
           3          26  -1.5826968039177262E-002
           3          27   2.4138178282821505E-009
           3          28   1.2082988548121659E-002
           3          29   4.7543427974035322E-009
           3          30   1.6087164753740064E-012
           3          31   1.2082988545402223E-002
           3          32   1.3913728207697425E-002
           3          33   5.3055728043448578E-010
           3          34   2.0147578051982085E-002
           3          35   1.0423887323082253E-009
           3          36  -2.2263420045484690E-012
           3          37   2.0147578050379387E-002
           3          38   1.4119471939624671E-002
           3          39   3.1322111331471523E-010
           3          40   1.7751811901030898E-002
           3          41   6.1821824538142570E-010
           3          42   3.0996254046170506E-013
           3          43   1.7751811900710096E-002
           3          44   3.7325273009533250E-003
           3          45  -3.2991602856129745E-012
           3          46   3.6842030718197412E-003
           3          47  -7.7223351615671507E-012
           3          48  -2.7458609371481481E-014
           3          49   3.6842030716899045E-003
           3          50  -1.0723239842599161E-012
           3          51   4.2888443011228488E-013
           3          52  -7.8028797336393352E-013
           3          53  -1.0943827792385417E-012
           3          54   7.9793643957494247E-013
           3          55  -6.4687348884520807E-013
           3          56  -3.3200950422383980E-013
           3          57  -3.3233178396537892E-013
           3          58  -1.3309460273410621E-012
           3          59   1.0318455153753391E-012
           3          60  -2.8368632052646471E-012
           3          61  -5.3645697257357835E-013
           3          62  -9.8760431571814538E-013
           3          63  -5.8642012331277330E-013
           3          64  -4.8296509352384820E-013
           3          65  -2.3272852569991714E-014
           3          66  -2.0036859332571605E-013
           3          67  -1.0163548739342933E-012
           3          68   3.4908496743925185E-013
           3          69  -1.7465373658209262E-012
           4           1  -2.3173269675155740E-002
           4           2   8.7955869926949190E-002
           4           3  -2.9272668716002037E-002
           4           4  0.43745805946244293     
           4           5  -3.4283739846942649E-002
           4           6  0.29869065571346615     
           4           7   2.2344635783361259E-002
           4           8  -3.3499449037618665E-012
           4           9   1.1151055931336908E-011
           4          10  -3.2139150562147365E-012
           4          11   2.0651547098254519E-012
           4          12  -3.7873101731357174E-011
           4          13   2.0006209540186234E-011
           4          14   2.5344891572424763E-012
           4          15   2.1357387777229579E-012
           4          16   1.6537600932507025E-014
           4          17   3.9364355955647711E-012
           4          18   3.1306183354865048E-012
           4          19  -1.3210011162540634E-011
           4          20   2.2190142233594814E-011
           4          21   1.9795793997684092E-011
           4          22  -1.7614736506179083E-011
           4          23   6.5777796949452530E-014
           4          24  -9.5706856448779928E-013
           4          25  -1.4593891114007363E-012
           4          26   5.3614179958711122E-002
           4          27  -8.9731724295094540E-009
           4          28  -3.8977180761812169E-002
           4          29  -1.6050087634831672E-008
           4          30   3.1570451415958443E-011
           4          31  -3.8977180783937734E-002
           4          32  -2.7228811585744389E-002
           4          33  -2.8368357263615742E-009
           4          34  -5.4493476457427609E-002
           4          35  -4.7487439787208395E-009
           4          36   2.4736674588621449E-011
           4          37  -5.4493476467664476E-002
           4          38  -7.8521056304002232E-003
           4          39   1.8522097629109540E-009
           4          40   1.4516999324995155E-002
           4          41   3.8102391323236144E-009
           4          42   1.2969311006166284E-011
           4          43   1.4516999325103482E-002
           4          44   3.1276368390731543E-003
           4          45   2.9462665947093477E-010
           4          46   6.4267626288575059E-003
           4          47   5.7032763121453836E-010
           4          48   1.0312986553306252E-012
           4          49   6.4267626295669341E-003
           4          50  -2.3400029930489887E-013
           4          51  -2.7006976584138871E-013
           4          52   5.2320045889793196E-013
           4          53  -5.4091101419380972E-014
           4          54   4.7625041573896377E-013
           4          55  -1.5819976363380818E-014
           4          56  -1.7251920182500671E-013
           4          57   5.2232057908333314E-013
           4          58   8.7135712137617686E-013
           4          59  -4.4060653529124419E-013
           4          60   5.2080983844090848E-012
           4          61   3.3839846502909076E-012
           4          62   4.2840052157139611E-012
           4          63   7.9968186699414459E-012
           4          64   1.3681559419056841E-012
           4          65   3.4414614334823660E-013
           4          66  -8.0785512432373367E-013
           4          67   2.3135005335966802E-012
           4          68   3.1443227322107216E-012
           4          69  -2.5820157918583100E-012
           5           1   9.1263749621991602E-002
           5           2 -0.37106474458783800     
           5           3  0.52856885481912652     
           5           4  -3.4283739846942649E-002
           5           5  0.51551191932642459     
           5           6  -8.4374797823807517E-003
           5           7  -4.1742924668399881E-003
           5           8   6.7036475522177724E-014
           5           9   1.8686344556533393E-011
           5          10   8.0408410502088143E-012
           5          11  -1.4616378700460087E-012
           5          12  -5.8914559645251977E-011
           5          13  -2.7571911415143703E-011
           5          14  -3.7842828386317710E-013
           5          15  -2.5651449079080536E-012
           5          16  -3.3033374477041344E-012
           5          17   7.2292037391422638E-012
           5          18   1.9432693891513180E-012
           5          19   2.3736769547195621E-012
           5          20   2.4770888663947339E-013
           5          21   1.3707673985895855E-013
           5          22  -8.6036780767954485E-013
           5          23   1.9861063444807625E-013
           5          24  -7.1317348883711714E-014
           5          25   3.9177310855037281E-014
           5          26  -1.5085865744423339E-002
           5          27   2.3306307616958633E-009
           5          28   1.1780804315163138E-002
           5          29   4.5810475646895275E-009
           5          30   1.6276194751577847E-012
           5          31   1.1780804312894718E-002
           5          32   1.4532318794590078E-002
           5          33   4.8076005567715439E-010
           5          34   2.0151694748104781E-002
           5          35   9.3975706820575141E-010
           5          36  -2.2471720273623014E-012
           5          37   2.0151694746712953E-002
           5          38   1.4013102113956009E-002
           5          39   2.6331653981641002E-010
           5          40   1.7065443573588201E-002
           5          41   5.1923021312024871E-010
           5          42   1.8186517822000809E-013
           5          43   1.7065443573274552E-002
           5          44   3.5965377151339658E-003
           5          45  -6.5251972898095539E-012
           5          46   3.5122547658800081E-003
           5          47  -1.3965947964296195E-011
           5          48  -4.1857373246587308E-014
           5          49   3.5122547657428218E-003
           5          50  -1.0556296650792475E-012
           5          51   3.9492719202020005E-013
           5          52  -7.6496448597974025E-013
           5          53  -1.6697399404131553E-012
           5          54   8.3951261003844097E-013
           5          55  -6.2892671485588394E-013
           5          56  -6.4771957536899571E-014
           5          57  -3.2899527190052553E-013
           5          58  -8.4968776389031866E-013
           5          59   6.5569123836176691E-013
           5          60  -2.8462094245535881E-012
           5          61  -4.0599452321277688E-013
           5          62  -1.0167395005603776E-012
           5          63  -1.2182355377884973E-013
           5          64  -3.1953779877701307E-013
           5          65  -2.7497556528987474E-014
           5          66  -3.3642477854518743E-015
           5          67  -1.0180888192498932E-012
           5          68   4.4832510623868500E-013
           5          69  -1.1541376722101610E-012
           6           1  -1.2495067522663248E-002
           6           2   4.7403184011728633E-002
           6           3  -4.5542852711882367E-003
           6           4  0.29869065571346615     
           6           5  -8.4374797823807517E-003
           6           6  0.20708962979373899     
           6           7   1.5479538787274974E-002
           6           8  -3.6214759734510770E-012
           6           9   5.3168385593739904E-011
           6          10  -1.9900124686376133E-011
           6          11   2.7473867992866390E-012
           6          12  -1.8705331766153838E-010
           6          13   6.1853673714750539E-011
           6          14   1.9532979158477346E-012
           6          15  -4.1213902497430423E-012
           6          16   1.9585546287287450E-012
           6          17   4.1003859586940913E-012
           6          18  -2.5325349215166402E-012
           6          19  -1.8868700536190013E-012
           6          20   1.5558137216912321E-011
           6          21   1.4084409974377177E-011
           6          22  -1.2775271331864801E-011
           6          23   4.6382175403195669E-014
           6          24  -7.2705953080212640E-013
           6          25  -8.7365453990592440E-013
           6          26  -3.0757661313420871E-004
           6          27  -9.4680946592290977E-010
           6          28  -8.3799186583643943E-003
           6          29  -1.3089482811194123E-009
           6          30   4.7382103660497197E-012
           6          31  -8.3799186604408583E-003
           6          32  -3.9284122103296161E-002
           6          33   7.8313600571910578E-010
           6          34  -2.8979198994480392E-002
           6          35   1.8228067461445759E-009
           6          36   8.2799082328217090E-012
           6          37  -2.8979198995057437E-002
           6          38  -9.7594696072462565E-003
           6          39   1.9229899439158667E-009
           6          40   1.2538274660268502E-002
           6          41   3.8335674581838016E-009
           6          42   7.1002466568686762E-012
           6          43   1.2538274661455467E-002
           6          44   2.3933070773377190E-003
           6          45   1.8319163695724784E-010
           6          46   4.4565902589157446E-003
           6          47   3.5619087264403380E-010
           6          48   7.8001427274192645E-013
           6          49   4.4565902594145669E-003
           6          50   6.3626102913545569E-014
           6          51   9.3841205606873194E-013
           6          52   1.8473945441478194E-013
           6          53  -5.9710629644118582E-013
           6          54  -1.3776497970113463E-012
           6          55  -6.3915781959182629E-014
           6          56   1.6146221802410681E-012
           6          57   1.9186881051326478E-013
           6          58   6.8345983421100539E-013
           6          59  -1.9196087422056902E-012
           6          60   3.7813753105248873E-012
           6          61   3.2643941916295930E-012
           6          62   2.7620179954161023E-012
           6          63   7.8243804544465293E-012
           6          64  -1.8695018084367643E-013
           6          65   2.3786129985984433E-013
           6          66  -2.1305737803609075E-012
           6          67   1.3889371969609949E-012
           6          68   3.2498971945306880E-012
           6          69  -4.1935008739748651E-012
           7           1  -1.6603410824744900E-003
           7           2   6.4687813500387088E-003
           7           3  -3.9687439852081679E-003
           7           4   2.2344635783361259E-002
           7           5  -4.1742924668399881E-003
           7           6   1.5479538787274974E-002
           7           7   1.2660417634888343E-003
           7           8  -1.9552772400885282E-012
           7           9   8.9951313669354279E-011
           7          10   5.6119306923214875E-011
           7          11   1.8175644631499652E-012
           7          12  -2.9233300407665458E-010
           7          13  -1.7508090487202547E-010
           7          14   1.7256695315257898E-013
           7          15  -1.0203578162143866E-011
           7          16  -5.7721679044103437E-012
           7          17   3.9950831237484290E-013
           7          18  -1.3433431879979065E-011
           7          19  -5.1395623403763729E-012
           7          20   1.1150521345737678E-012
           7          21   1.9229997023124868E-012
           7          22  -5.7962323072197418E-013
           7          23   5.0469597393369919E-015
           7          24  -2.4645001063667932E-013
           7          25  -1.4005026985736714E-013
           7          26  -8.1247152935048862E-004
           7          27   2.9520985849102881E-011
           7          28  -1.7406876365185192E-004
           7          29   1.1419085976257388E-010
           7          30   3.0857325042509218E-014
           7          31  -1.7406876540009784E-004
           7          32  -3.7103350416137987E-003
           7          33   1.1260956572421623E-010
           7          34  -2.2761620321491440E-003
           7          35   2.4876709768531297E-010
           7          36   3.9955797100818278E-013
           7          37  -2.2761620329498620E-003
           7          38  -1.1268878723549179E-003
           7          39   1.5064446327729762E-010
           7          40   6.2466303110089065E-004
           7          41   3.0114884851444616E-010
           7          42   4.7251624065767822E-013
           7          43   6.2466303107758735E-004
           7          44   7.6978820561948082E-005
           7          45   1.3190209202946488E-011
           7          46   2.2553717759095880E-004
           7          47   2.5617296247953057E-011
           7          48   5.8379372909685302E-014
           7          49   2.2553717763547040E-004
           7          50   2.2794324362346471E-014
           7          51   2.6513239677262191E-012
           7          52   1.1046250276828363E-014
           7          53   6.7221268334848093E-013
           7          54   2.1957386423021764E-013
           7          55  -1.1099539313223643E-014
           7          56   1.2062065357302568E-012
           7          57   3.1156805819089832E-014
           7          58  -1.0155200160692220E-012
           7          59  -1.6483890599389453E-012
           7          60   2.6340989122326461E-013
           7          61   2.2025746199806004E-012
           7          62   1.8724148460174903E-013
           7          63   6.1127403556440923E-012
           7          64   7.1569611939669363E-013
           7          65   2.2098736986920051E-014
           7          66   6.6354573186963320E-013
           7          67   8.0553312796436587E-014
           7          68   3.1274922100142913E-012
           7          69   1.9921763596459523E-012
           8           1  -6.6789274491212632E-014
           8           2   4.2029132790801633E-013
           8           3  -2.4261738570150108E-014
           8           4  -3.3499449037618665E-012
           8           5   6.7036475522177724E-014
           8           6  -3.6214759734510770E-012
           8           7  -1.9552772400885282E-012
           8           8   2.2393685245085395     
           8           9  -3.8459366894190238E-010
           8          10  -1.1867869337059686E-010
           8          11 -0.73850033051217168     
           8          12   1.1180390025654437E-009
           8          13   1.8839759335859685E-010
           8          14  -2.5580177885828333E-002
           8          15   1.5775484960345922E-010
           8          16   1.7434595670405482E-010
           8          17  -3.8798576070711008E-002
           8          18   1.2561032969580649E-009
           8          19   2.5567855416448613E-009
           8          20   3.1198582602712755E-003
           8          21  -1.1167018555296240E-010
           8          22  -2.3850914130326755E-010
           8          23  -7.0498629431856421E-004
           8          24   2.4925629729450081E-011
           8          25   5.4651960367438831E-011
           8          26  -1.7857528407749635E-012
           8          27  -5.7324129420338172E-012
           8          28  -1.2423599252378362E-012
           8          29  -3.9171559931029930E-012
           8          30   8.2455884714944152E-014
           8          31   4.4859473304431097E-013
           8          32   1.3605748321318944E-012
           8          33  -1.6655939206782850E-012
           8          34   3.1906949446389484E-012
           8          35  -1.2818464422732152E-012
           8          36   3.1563581761934989E-013
           8          37   2.5350730008063049E-012
           8          38   2.0200970102759898E-012
           8          39  -7.8720209597175595E-013
           8          40   2.8132522766130774E-012
           8          41  -2.5837785115164423E-014
           8          42  -2.7331400507363382E-013
           8          43   3.0047084048098492E-012
           8          44   1.3291294992933425E-012
           8          45   1.1662511841468374E-013
           8          46   1.2426995537411758E-012
           8          47   1.3317949337013723E-014
           8          48   6.2621783064771630E-014
           8          49   1.0980577474848206E-012
           8          50   6.3349607488476772E-003
           8          51  -7.6062517395116207E-010
           8          52  -1.4646685834697817E-003
           8          53  -1.4046256500981287E-010
           8          54  -1.4872619169056228E-009
           8          55  -4.2508025986663129E-012
           8          56   7.7551054302195948E-010
           8          57  -1.4646685836689349E-003
           8          58   3.5431208035925928E-010
           8          59  -2.9110526395901537E-010
           8          60   1.4496425709120441E-002
           8          61  -5.9510397234052951E-011
           8          62   7.6990732830756487E-003
           8          63  -5.6685759875074242E-010
           8          64  -1.2630455002175862E-010
           8          65   8.4806297818387525E-013
           8          66  -5.7963697425137088E-010
           8          67   7.6990732832232850E-003
           8          68  -2.8718237507731421E-010
           8          69  -1.1254949971664109E-009
           9           1   2.7749134495487353E-012
           9           2  -1.2878918354431366E-011
           9           3   1.7745237183767185E-012
           9           4   1.1151055931336908E-011
           9           5   1.8686344556533393E-011
           9           6   5.3168385593739904E-011
           9           7   8.9951313669354279E-011
           9           8  -3.8459366894190238E-010
           9           9   2.2400631271652864     
           9          10  -2.8930521765036563E-013
           9          11   1.1575769208588784E-009
           9          12 -0.74183745430811343     
           9          13   1.7235820124484637E-011
           9          14   2.0417909050620591E-010
           9          15  -2.4574444290691770E-002
           9          16   1.6312843959843709E-011
           9          17   1.2447254860029054E-009
           9          18  -2.1760398913370352E-002
           9          19  -8.4400890963547900E-011
           9          20  -1.1338350940854197E-010
           9          21   1.5283138722785336E-003
           9          22   2.1972162785544393E-011
           9          23   2.6266826975167441E-011
           9          24  -3.4094402289047557E-004
           9          25  -2.9830856412626870E-012
           9          26   7.6851311174668737E-013
           9          27  -2.0009343128717665E-011
           9          28  -8.7901872456086057E-012
           9          29  -5.3487428920220863E-012
           9          30  -1.2811977406692689E-011
           9          31   1.2791929698067928E-011
           9          32  -1.4818444475510042E-011
           9          33   8.1674794283776554E-012
           9          34  -3.6673815238113981E-011
           9          35  -2.3489589583333712E-012
           9          36   3.8541917344319935E-012
           9          37  -2.1445175558892679E-011
           9          38  -2.7813966154936199E-011
           9          39  -7.4421324975635708E-012
           9          40  -1.8546367100302596E-011
           9          41   1.8679446095229702E-011
           9          42  -1.5774552544920413E-011
           9          43  -2.3215492016931315E-011
           9          44  -2.3711537377502513E-011
           9          45  -2.4783891828968758E-013
           9          46  -3.0181501518660623E-011
           9          47  -1.7991055822653575E-011
           9          48   1.3594862710369531E-011
           9          49  -5.6680021234134097E-011
           9          50  -2.2946709335325043E-010
           9          51   1.6278900444560897E-003
           9          52  -6.7505191376426528E-010
           9          53  -5.3891083228642164E-003
           9          54   1.1434378986705182E-011
           9          55   3.6482771474144436E-010
           9          56  -7.1509060715098991E-011
           9          57   3.7400048826182735E-010
           9          58   3.8298814866825639E-003
           9          59   9.2233511995176670E-011
           9          60  -5.6893034612166085E-010
           9          61   3.1962795558318794E-003
           9          62  -6.9571064433980546E-011
           9          63   9.7520850024485212E-003
           9          64  -3.9986510333240897E-014
           9          65   1.1777933187201394E-010
           9          66   1.7671508715989990E-011
           9          67  -2.8648743536719784E-010
           9          68   3.8194423006134184E-003
           9          69   1.0362551061330256E-011
          10           1   2.0620872120591234E-012
          10           2  -9.3580881498808298E-012
          10           3  -5.3428472909592560E-012
          10           4  -3.2139150562147365E-012
          10           5   8.0408410502088143E-012
          10           6  -1.9900124686376133E-011
          10           7   5.6119306923214875E-011
          10           8  -1.1867869337059686E-010
          10           9  -2.8930521765036563E-013
          10          10   2.2400631271689755     
          10          11   2.1298399416133596E-010
          10          12  -1.5543719630342475E-011
          10          13 -0.74183745428817238     
          10          14   2.0417239781946949E-010
          10          15  -1.7815170762148238E-011
          10          16  -2.4574444254324798E-002
          10          17   2.5706293334704974E-009
          10          18  -9.2145926716018020E-012
          10          19  -2.1760398901286247E-002
          10          20  -2.5034672037524148E-010
          10          21  -5.4957080749461480E-011
          10          22   1.5283139426545695E-003
          10          23   5.6863583893063130E-011
          10          24   3.1407776808834626E-011
          10          25  -3.4094406949652326E-004
          10          26   1.5673906594014252E-011
          10          27  -1.0530158265013699E-011
          10          28   1.0494930752944458E-011
          10          29   6.1034521040940644E-012
          10          30  -1.1258601191383577E-012
          10          31  -3.4292778601666973E-012
          10          32  -6.6805894895986715E-012
          10          33   5.3774573647402940E-012
          10          34  -2.5966317754691711E-011
          10          35  -1.0397453611968836E-011
          10          36  -5.9140467041427446E-012
          10          37   1.5822726163634510E-011
          10          38  -5.9045632873747443E-012
          10          39   3.6442277904468257E-012
          10          40   1.3516760762929337E-011
          10          41   2.3082273179930517E-011
          10          42  -1.9917681636746484E-012
          10          43  -4.1057215915695971E-012
          10          44  -9.3213847903569041E-012
          10          45  -8.1309513328047990E-012
          10          46  -1.0995007887760851E-011
          10          47  -1.2775610437429151E-011
          10          48   8.2535224885844132E-012
          10          49  -2.2896009105816249E-011
          10          50  -4.2775245313938840E-010
          10          51  -7.8274558253742034E-012
          10          52   7.9671344824237923E-010
          10          53  -4.9838704663154071E-011
          10          54   1.6278900590906368E-003
          10          55   1.6539732771256924E-010
          10          56   3.8298814656110725E-003
          10          57  -1.3519742904897378E-009
          10          58   7.2434667628397597E-011
          10          59  -5.3891083250135682E-003
          10          60  -1.1072696312505472E-009
          10          61   1.8467951317922702E-011
          10          62  -5.8781695350394452E-010
          10          63   4.0869982005587184E-011
          10          64   3.1962795236888568E-003
          10          65   6.1901455366953444E-011
          10          66   3.8194422892114930E-003
          10          67  -1.6296476677294501E-010
          10          68   1.3963271494126193E-012
          10          69   9.7520849558016317E-003
          11           1   9.6204729550393362E-014
          11           2  -3.0819427111074425E-013
          11           3  -1.4441719825558064E-012
          11           4   2.0651547098254519E-012
          11           5  -1.4616378700460087E-012
          11           6   2.7473867992866390E-012
          11           7   1.8175644631499652E-012
          11           8 -0.73850033051217168     
          11           9   1.1575769208588784E-009
          11          10   2.1298399416133596E-010
          11          11   2.2739773954942892     
          11          12  -3.0442363797357520E-009
          11          13   4.9030317313436054E-010
          11          14   7.6183008527035190E-002
          11          15  -2.7835418680301624E-010
          11          16  -1.6706638000084210E-010
          11          17  0.10882025846852840     
          11          18  -3.1406195759754086E-009
          11          19  -6.5030997278382398E-009
          11          20  -8.9409072405148560E-003
          11          21   3.0079070628993966E-010
          11          22   6.4980394105244283E-010
          11          23   2.0606461509080692E-003
          11          24  -7.0055787098191644E-011
          11          25  -1.5443317863735669E-010
          11          26   3.2775727892724721E-012
          11          27   1.9572978174910426E-011
          11          28   4.1737238580524364E-012
          11          29   6.6281353331335945E-012
          11          30  -5.5547750581881105E-013
          11          31  -4.4068383291484009E-012
          11          32   1.5089990983741119E-012
          11          33   7.5192413953645899E-012
          11          34  -4.5804578262739361E-012
          11          35   1.0123099743081266E-012
          11          36  -8.9568142626924765E-013
          11          37  -4.0225467001869260E-012
          11          38  -1.5216145959437398E-012
          11          39   2.3782764731053168E-012
          11          40  -3.3299638153162635E-012
          11          41  -4.0179504916063921E-013
          11          42   8.1204078076948752E-013
          11          43  -4.2204267414552180E-012
          11          44  -1.5810680241834575E-012
          11          45  -2.3217769685733074E-013
          11          46  -1.4707596915176349E-012
          11          47  -4.7350861902374870E-014
          11          48  -1.6942826382222892E-013
          11          49  -9.9402740149025581E-013
          11          50  -1.4802472769507795E-002
          11          51   2.3070862656490646E-009
          11          52   7.2553763995006973E-003
          11          53   8.9710071857631343E-011
          11          54   4.5319189069774433E-009
          11          55   1.4201844668581343E-011
          11          56  -3.0614436982095515E-009
          11          57   7.2553764002473466E-003
          11          58  -1.4393094508739146E-009
          11          59   2.9351492781963482E-010
          11          60  -3.9498714659546429E-002
          11          61  -1.5185216455911845E-011
          11          62  -2.1646973911226337E-002
          11          63   1.3971783178476023E-009
          11          64   1.5621891468497385E-011
          11          65  -3.0269985371705110E-012
          11          66   1.6192049159051577E-009
          11          67  -2.1646973911721268E-002
          11          68   7.9018818417139366E-010
          11          69   2.8109329785340746E-009
          12           1  -8.7173816846692146E-012
          12           2   4.0401688953414231E-011
          12           3  -8.2504543675567012E-012
          12           4  -3.7873101731357174E-011
          12           5  -5.8914559645251977E-011
          12           6  -1.8705331766153838E-010
          12           7  -2.9233300407665458E-010
          12           8   1.1180390025654437E-009
          12           9 -0.74183745430811343     
          12          10  -1.5543719630342475E-011
          12          11  -3.0442363797357520E-009
          12          12   2.2917881997274732     
          12          13   9.0061076147388481E-012
          12          14  -4.1676460448877752E-010
          12          15   7.5518437562936191E-002
          12          16  -4.1079917920176069E-011
          12          17  -3.1098389391544472E-009
          12          18   6.5377620364769115E-002
          12          19   2.5409387356313371E-010
          12          20   3.0499322693332416E-010
          12          21  -4.6003787263098122E-003
          12          22  -6.7056277733700054E-011
          12          23  -7.4236715638172548E-011
          12          24   1.0318699071838961E-003
          12          25   9.8706134655017113E-012
