           1           1   2.4052902500848292     
           1           2  -1.0765757816119104     
           1           3  0.31620108194715696     
           1           4   1.9426787519922606E-002
           1           5   1.9327360567867810E-002
           1           6  -1.1975032352744022E-002
           1           7  -3.1058816236294556E-004
           1           8  -3.4678832965300602E-011
           1           9  -1.1185256467600240E-009
           1          10  -6.0770753307438210E-010
           1          11   2.8592062523892313E-010
           1          12   3.2475158202689002E-009
           1          13   1.8274737895462710E-009
           1          14   4.7741921317104029E-010
           1          15   6.8200296878246812E-010
           1          16   3.3264459602276721E-010
           1          17   2.6054476669185447E-011
           1          18   2.6913271996142795E-011
           1          19  -2.4770127774388638E-012
           1          20   4.2270353224290013E-011
           1          21   5.1797007483637591E-011
           1          22   2.1325660014983454E-011
           1          23  -6.7910606597874820E-012
           1          24  -9.8723386076885355E-012
           1          25  -4.3485666827906330E-012
           1          26  -2.1095548787558284E-004
           1          27   4.9396046775330184E-012
           1          28  -2.1095547495352435E-004
           1          29  -1.0039369778159229E-011
           1          30  -1.2061020123424644E-011
           1          31  -2.1095549670374002E-004
           1          32   3.7281162739377248E-004
           1          33  -6.3325400231096564E-012
           1          34   3.7281162215646818E-004
           1          35   5.6097372524696405E-012
           1          36   6.4540595232731225E-012
           1          37   3.7281163428880455E-004
           1          38  -9.3515900641726545E-004
           1          39   5.3602716917985461E-012
           1          40  -9.3515899705552523E-004
           1          41  -7.5143382176615390E-012
           1          42   2.9566439647336874E-012
           1          43  -9.3515902410903266E-004
           1          44  -3.7453197211536888E-004
           1          45   2.9538830318427240E-013
           1          46  -3.7453197278524873E-004
           1          47  -3.3168239651084537E-013
           1          48  -1.2019996813395184E-012
           1          49  -3.7453196956776873E-004
           1          50  -1.5594279279767008E-010
           1          51  -1.1523387988514566E-010
           1          52  -1.0807119129324610E-010
           1          53  -2.1759235785915774E-010
           1          54  -5.6879426060216519E-011
           1          55  -2.1199855531983606E-011
           1          56  -5.3752441234853076E-011
           1          57  -7.5893279838132751E-011
           1          58  -8.0618940298137384E-011
           1          59  -7.9831604094881409E-011
           1          60  -1.8395602380139958E-010
           1          61  -9.0004572931195707E-011
           1          62  -6.8110984074189284E-011
           1          63  -2.1427017859808370E-010
           1          64  -4.5119629619831378E-011
           1          65   8.3656776624174482E-012
           1          66  -4.5993392430891455E-011
           1          67  -7.9324912834791924E-011
           1          68  -1.0068201461978689E-010
           1          69  -1.1614091103199802E-010
           2           1  -1.0765757816119104     
           2           2   2.9123185776553102     
           2           3  -1.1911338924546064     
           2           4  -7.8849765750787421E-002
           2           5  -7.7914371353123013E-002
           2           6   4.8133262456905829E-002
           2           7   1.1766188387872015E-003
           2           8   2.0568402705028463E-010
           2           9   4.7170288654336437E-009
           2          10   2.6014174909897031E-009
           2          11  -1.0786231114439928E-009
           2          12  -1.3531142682248638E-008
           2          13  -7.6738348623939938E-009
           2          14  -1.7376936856895481E-009
           2          15  -2.4084383833079141E-009
           2          16  -1.1859009690602804E-009
           2          17  -1.2821224020853447E-010
           2          18  -1.5037047727884931E-010
           2          19  -9.3244689027505867E-012
           2          20  -1.6036979633728082E-010
           2          21  -1.9280437360384097E-010
           2          22  -7.9037561911420583E-011
           2          23   2.4534921815944213E-011
           2          24   3.5115537693265667E-011
           2          25   1.5486015895222183E-011
           2          26   4.0337423631607160E-004
           2          27  -8.6255998099267294E-011
           2          28   4.0337417197616960E-004
           2          29   8.2450279473130085E-012
           2          30   1.0760580470767617E-012
           2          31   4.0337421737987654E-004
           2          32  -1.0727786086648754E-003
           2          33   6.8478911883948367E-011
           2          34  -1.0727785821547956E-003
           2          35  -3.1329226167807350E-012
           2          36   4.6356902220032060E-012
           2          37  -1.0727786061311704E-003
           2          38   2.7865193660036127E-003
           2          39  -3.1308685374638613E-011
           2          40   2.7865193267295760E-003
           2          41   2.4764988707360606E-011
           2          42  -1.8699707638864722E-011
           2          43   2.7865194269544131E-003
           2          44   1.1021376526461836E-003
           2          45  -1.7842058678200123E-012
           2          46   1.1021376554110340E-003
           2          47   1.2309763612590223E-012
           2          48   4.3522858841693281E-012
           2          49   1.1021376427019047E-003
           2          50   5.1784540456727393E-010
           2          51   3.7057867063581046E-010
           2          52   3.8430350388250821E-010
           2          53   6.6793395128918064E-010
           2          54   1.8638946751539540E-010
           2          55   8.4510752077721291E-011
           2          56   1.7412468071458355E-010
           2          57   2.5601521159723667E-010
           2          58   2.3234761785016010E-010
           2          59   2.2724000402029623E-010
           2          60   6.6183906474944051E-010
           2          61   2.9140911186895203E-010
           2          62   2.3900190053671783E-010
           2          63   7.0424832160268403E-010
           2          64   1.4818693676187025E-010
           2          65  -3.3658388242066519E-011
           2          66   1.5169858510508206E-010
           2          67   2.8417807635644510E-010
           2          68   3.3454515050651805E-010
           2          69   3.9303509824436654E-010
           3           1  0.31620108194715696     
           3           2  -1.1911338924546064     
           3           3   2.6013382304143104     
           3           4  0.21766740994641204     
           3           5  0.21330278439654893     
           3           6 -0.13229140453902924     
           3           7  -2.8319712432427480E-003
           3           8   1.3714454166667882E-009
           3           9  -5.7460320542733996E-009
           3          10  -3.3041060139327482E-009
           3          11  -6.9551661665952532E-010
           3          12   1.8520798285905552E-008
           3          13   1.0539821857263126E-008
           3          14   2.9958929598033883E-009
           3          15   4.1401633549744766E-009
           3          16   1.9977759048040239E-009
           3          17   6.1111660757327651E-010
           3          18   7.3885105714812315E-010
           3          19   1.8231392446184971E-010
           3          20   3.4242918303187285E-010
           3          21   4.0012340275306192E-010
           3          22   1.5662369001173399E-010
           3          23  -3.7755474009146251E-011
           3          24  -5.7115266685920995E-011
           3          25  -2.4140143692622672E-011
           3          26  -1.5755706403832402E-004
           3          27  -2.4306113179407007E-010
           3          28  -1.5755702541821160E-004
           3          29  -1.7824851464673379E-010
           3          30  -3.1439662710369199E-011
           3          31  -1.5755686477563459E-004
           3          32   1.3099198968324500E-003
           3          33   9.8866234179820885E-011
           3          34   1.3099199684393084E-003
           3          35   1.2204983068642257E-010
           3          36   1.4288441951116794E-012
           3          37   1.3099198638126812E-003
           3          38  -3.5333403047762323E-003
           3          39   3.5754971961882086E-012
           3          40  -3.5333402171737836E-003
           3          41  -8.6176010084479481E-011
           3          42   3.9706758149474949E-011
           3          43  -3.5333404247616090E-003
           3          44  -1.4865381938294134E-003
           3          45   4.9832261089362419E-012
           3          46  -1.4865382072287072E-003
           3          47  -6.2611796256066388E-012
           3          48  -1.0098913480893138E-011
           3          49  -1.4865381755666172E-003
           3          50  -3.8884907103248426E-010
           3          51  -5.0712659877726569E-010
           3          52  -5.7427616348782407E-010
           3          53  -6.9928642186876328E-010
           3          54  -2.7442522577867576E-010
           3          55  -2.2303818723382747E-010
           3          56  -2.4669293696460079E-010
           3          57  -2.3880519626699908E-010
           3          58  -1.4450801621273965E-010
           3          59  -1.1072938055119846E-010
           3          60  -1.1284980510377481E-009
           3          61  -4.5834014020771223E-010
           3          62  -3.4507567174983328E-010
           3          63  -1.1737145242605066E-009
           3          64  -2.3344791781818426E-010
           3          65   9.4218635663935051E-011
           3          66  -2.4311581593623409E-010
           3          67  -4.7136178513421492E-010
           3          68  -5.7938229493055489E-010
           3          69  -6.9575610347606583E-010
           4           1   1.9426787519922606E-002
           4           2  -7.8849765750787421E-002
           4           3  0.21766740994641204     
           4           4  0.31517912505978546     
           4           5  0.31533168422565266     
           4           6 -0.20623179772251946     
           4           7  -2.6944215855958372E-003
           4           8  -4.6827614544408417E-011
           4           9  -1.4129175120104383E-008
           4          10  -8.5935074421844916E-009
           4          11   1.0818931322493588E-009
           4          12   4.1228150418926341E-008
           4          13   2.4736750983796222E-008
           4          14   9.9040868005266805E-010
           4          15   2.6099479608389085E-009
           4          16   1.3130443235312461E-009
           4          17   1.3500809012741913E-009
           4          18   1.5993451913585847E-009
           4          19   4.7097388074389758E-010
           4          20   3.7435431093232811E-010
           4          21   4.4581727029811636E-010
           4          22   1.8225779541950170E-010
           4          23  -1.2959577532673083E-011
           4          24  -3.7088140138301481E-011
           4          25  -1.9880614089521472E-011
           4          26  -1.8126753734517772E-004
           4          27   7.3359834145339819E-010
           4          28  -1.8126767945288093E-004
           4          29  -1.9034043604365051E-011
           4          30  -1.9520995092469924E-010
           4          31  -1.8126751364027591E-004
           4          32   6.7354819594957400E-004
           4          33  -4.7812833912590039E-010
           4          34   6.7354826021952339E-004
           4          35   2.9933027228266652E-011
           4          36   1.0739660416739705E-010
           4          37   6.7354824329122153E-004
           4          38  -1.0086660452670333E-003
           4          39   1.2504923651874556E-010
           4          40  -1.0086660058771287E-003
           4          41  -5.3225807054148920E-011
           4          42  -3.0744990761080461E-011
           4          43  -1.0086661181880204E-003
           4          44  -1.2506575900273602E-003
           4          45   2.5263812148072763E-011
           4          46  -1.2506575881914273E-003
           4          47  -1.3919513801426639E-011
           4          48   3.2304691894178954E-013
           4          49  -1.2506575916772849E-003
           4          50  -1.9211566494893663E-011
           4          51  -2.8753040522241399E-011
           4          52  -2.5850181486633438E-011
           4          53  -3.6291994624282746E-011
           4          54  -1.3457692310058562E-011
           4          55  -1.0290970182219404E-011
           4          56  -1.8280224791245616E-011
           4          57  -1.1674253177931577E-011
           4          58  -1.5528325878109466E-011
           4          59  -8.1508264790105451E-012
           4          60  -1.2129443623483891E-010
           4          61  -3.5149717317944964E-011
           4          62   2.5037451142501316E-011
           4          63  -8.0663569006261222E-011
           4          64  -1.1765911670519978E-011
           4          65   4.4420090279429366E-011
           4          66  -3.3932586019112143E-011
           4          67  -3.3599107602401300E-011
           4          68  -7.4793056025555552E-011
           4          69  -7.3009672613663046E-011
           5           1   1.9327360567867810E-002
           5           2  -7.7914371353123013E-002
           5           3  0.21330278439654893     
           5           4  0.31533168422565266     
           5           5  0.31549298033793227     
           5           6 -0.20635068255162803     
           5           7  -2.6939789165528550E-003
           5           8  -1.8401681775714170E-010
           5           9  -2.2433778295406429E-008
           5          10  -1.3371445937397826E-008
           5          11   1.4502027128550905E-009
           5          12   6.4821149948203972E-008
           5          13   3.8279152580790623E-008
           5          14   9.9963165416189690E-010
           5          15   3.4321685780985236E-009
           5          16   1.7852798003225146E-009
           5          17   1.3501909928143922E-009
           5          18   1.5296476375734936E-009
           5          19   4.3063654523800415E-010
           5          20   3.7494749520288460E-010
           5          21   4.8144326965494888E-010
           5          22   2.0270799381400444E-010
           5          23  -1.3087827598821723E-011
           5          24  -4.8008394087507302E-011
           5          25  -2.6160824110640959E-011
           5          26  -1.8145596308854459E-004
           5          27   6.2213507035699083E-010
           5          28  -1.8145583323890356E-004
           5          29  -2.2564364999551659E-012
           5          30  -5.1603537303482171E-010
           5          31  -1.8145629300216895E-004
           5          32   6.7257193558455499E-004
           5          33  -4.0777643195300882E-010
           5          34   6.7257182815693003E-004
           5          35   1.9366611585254829E-011
           5          36   3.0967717204164266E-010
           5          37   6.7257220579968781E-004
           5          38  -1.0045474522996430E-003
           5          39   1.0765762666862878E-010
           5          40  -1.0045473706561158E-003
           5          41  -5.0597395301669080E-011
           5          42  -8.0724790549880816E-011
           5          43  -1.0045475800743626E-003
           5          44  -1.2503598236976270E-003
           5          45   2.4602144332070902E-011
           5          46  -1.2503598201601064E-003
           5          47  -1.3830684020546736E-011
           5          48  -1.6271228782556723E-012
           5          49  -1.2503598275544962E-003
           5          50  -1.8741883483023135E-011
           5          51  -2.9342804664452429E-011
           5          52  -2.4924992004613273E-011
           5          53  -3.8373016979463408E-011
           5          54  -1.3812566340087583E-011
           5          55  -9.8936787358718504E-012
           5          56  -1.8694222253277582E-011
           5          57  -1.1348603977598494E-011
           5          58  -1.6770290077285213E-011
           5          59  -9.8429770994095171E-012
           5          60  -1.1947692908764944E-010
           5          61  -3.3308893993195503E-011
           5          62   2.5691309940673399E-011
           5          63  -7.6272006586853748E-011
           5          64  -1.0746001380988904E-011
           5          65   4.4322343892460069E-011
           5          66  -3.2934177406461577E-011
           5          67  -3.2813028920081388E-011
           5          68  -7.2795652904427140E-011
           5          69  -7.0486010764083318E-011
           6           1  -1.1975032352744022E-002
           6           2   4.8133262456905829E-002
           6           3 -0.13229140453902924     
           6           4 -0.20623179772251946     
           6           5 -0.20635068255162803     
           6           6  0.13498663492228691     
           6           7   1.7590582023545996E-003
           6           8   1.8018474337141391E-010
           6           9   1.0570040309509938E-008
           6          10   5.8806532300570776E-009
           6          11  -7.3583227355411748E-010
           6          12  -3.0045133840081104E-008
           6          13  -1.6707144818422131E-008
           6          14  -6.3956924414384919E-010
           6          15  -1.8043853509082699E-009
           6          16  -8.7206326244438936E-010
           6          17  -8.8548354215462535E-010
           6          18  -1.0382829148025442E-009
           6          19  -3.0691852547769490E-010
           6          20  -2.4507208769847713E-010
           6          21  -2.9558197345559748E-010
           6          22  -1.1969834673162546E-010
           6          23   8.3890751962532067E-012
           6          24   2.5539314974687480E-011
           6          25   1.3191135069308521E-011
           6          26   1.1865415573285743E-004
           6          27   3.0929753971871289E-009
           6          28   1.1865403740881343E-004
           6          29   2.2320621733653816E-009
           6          30   4.3019535755279016E-009
           6          31   1.1865956218225732E-004
           6          32  -4.3749875673403289E-004
           6          33  -1.9400169757364347E-009
           6          34  -4.3749866507387372E-004
           6          35  -1.4190057203513543E-009
           6          36  -2.7020513470732867E-009
           6          37  -4.3750220591220600E-004
           6          38   6.4891105828673401E-004
           6          39   4.7401501041725160E-010
           6          40   6.4891099980233363E-004
           6          41   3.7994006528667150E-010
           6          42   6.6950421962519598E-010
           6          43   6.4891194886095536E-004
           6          44   8.1603258546053179E-004
           6          45   5.4089469863723708E-012
           6          46   8.1603258285538891E-004
           6          47   2.2761744604567290E-011
           6          48   2.5384504455121290E-011
           6          49   8.1603261993066839E-004
           6          50   1.1199865733425610E-011
           6          51   1.7051497541128542E-011
           6          52   1.4680204707013884E-011
           6          53   2.1542298787808663E-011
           6          54   7.7708283671725290E-012
           6          55   5.8320380686133978E-012
           6          56   1.1054783069657030E-011
           6          57   6.7636513372879826E-012
           6          58   9.8742405513597275E-012
           6          59   5.0556384623189294E-012
           6          60   7.5134575422920142E-011
           6          61   2.1104614626609946E-011
           6          62  -1.7840479807039871E-011
           6          63   4.7927894756320168E-011
           6          64   6.7667006215442573E-012
           6          65  -2.8802419607098073E-011
           6          66   2.1293547529669612E-011
           6          67   2.0170991303614993E-011
           6          68   4.6655732783708545E-011
           6          69   4.5094479513794129E-011
           7           1  -3.1058816236294556E-004
           7           2   1.1766188387872015E-003
           7           3  -2.8319712432427480E-003
           7           4  -2.6944215855958372E-003
           7           5  -2.6939789165528550E-003
           7           6   1.7590582023545996E-003
           7           7   2.3420264546601852E-005
           7           8  -5.3182001851031198E-011
           7           9   7.0826075918377805E-010
           7          10   6.5298278874883222E-010
           7          11   1.1737653988638202E-010
           7          12  -2.1566376090559222E-009
           7          13  -1.8823540244338787E-009
           7          14  -4.9983613254829310E-012
           7          15  -8.6588186634511256E-011
           7          16  -7.0277949245474714E-011
           7          17  -1.1961677157265047E-011
           7          18  -7.9566604563323556E-012
           7          19   1.1502659551128492E-012
           7          20  -3.1269209969230428E-012
           7          21  -6.5122856691101677E-012
           7          22  -4.0609851638692033E-012
           7          23   6.6624134918357230E-014
           7          24   1.1686273042395697E-012
           7          25   9.5133471300550130E-013
           7          26   1.5706553673571616E-006
           7          27  -8.0671867399156248E-010
           7          28   1.5708846847701027E-006
           7          29  -6.5364674550245968E-010
           7          30  -1.2710049464991940E-009
           7          31   1.5688825421954206E-006
           7          32  -6.1044535904691734E-006
           7          33   5.0876753590447596E-010
           7          34  -6.1045979968475690E-006
           7          35   4.1195630554199466E-010
           7          36   8.0147557468397497E-010
           7          37  -6.1033364188305169E-006
           7          38   9.7739743877130453E-006
           7          39  -1.2557223379519685E-010
           7          40   9.7740095094956570E-006
           7          41  -1.0121951463494956E-010
           7          42  -1.9768944607641109E-010
           7          43   9.7736993617829996E-006
           7          44   1.0949582832693808E-005
           7          45  -5.1264937044575709E-012
           7          46   1.0949584216637442E-005
           7          47  -3.8997684246753215E-012
           7          48  -7.8182100550402628E-012
           7          49   1.0949571950059142E-005
           7          50   3.0423222020851862E-013
           7          51   5.4965174601887118E-013
           7          52   4.3711751025483501E-013
           7          53   8.2568613182131591E-013
           7          54   3.2115004472028773E-013
           7          55   1.7328641790972944E-013
           7          56   3.4997281873706832E-013
           7          57   1.8722964747417237E-013
           7          58   2.9704931296071157E-013
           7          59   3.3773339266005778E-013
           7          60   1.4700948185577472E-012
           7          61   3.8955594689544949E-013
           7          62  -6.2460837264375096E-014
           7          63   9.4727538805631121E-013
           7          64   1.1279751807307061E-013
           7          65  -4.0540725383020400E-013
           7          66   2.9985879374541336E-013
           7          67   4.7326853367545211E-013
           7          68   7.6610132280562271E-013
           7          69   7.0704742076561431E-013
           8           1  -3.4678832965300602E-011
           8           2   2.0568402705028463E-010
           8           3   1.3714454166667882E-009
           8           4  -4.6827614544408417E-011
           8           5  -1.8401681775714170E-010
           8           6   1.8018474337141391E-010
           8           7  -5.3182001851031198E-011
           8           8   2.2815837636805125     
           8           9  -5.5424007724550447E-010
           8          10  -3.0282833818570110E-010
           8          11 -0.80069400798383372     
           8          12   1.7562609138424506E-009
           8          13   8.4132605752223171E-010
           8          14  -2.8027679373656824E-002
           8          15   2.9276321748013830E-010
           8          16   8.9859667086559354E-011
           8          17   2.4247890584398477E-003
           8          18   9.4597082738141015E-011
           8          19   1.5173118388173611E-010
           8          20  -1.2135255154418320E-003
           8          21  -4.4871722798766184E-011
           8          22  -5.4066569876239115E-011
           8          23   3.7364572872754096E-004
           8          24   7.8082845343973595E-011
           8          25   1.1269212116206864E-011
           8          26  -4.2022765635744485E-010
           8          27   2.5625084993983546E-011
           8          28  -5.3783719784477286E-010
           8          29   5.2072214654334586E-011
           8          30  -1.5900895720491895E-011
           8          31  -5.5586028390141648E-010
           8          32   1.0021889558409814E-010
           8          33  -3.9516206093795150E-011
           8          34   3.3982639600997711E-010
           8          35  -8.5935906739567792E-011
           8          36  -7.2468802076960499E-011
           8          37   2.9443245146301940E-010
           8          38  -3.9679262370966906E-010
           8          39  -4.2256376671325732E-010
           8          40  -1.1091423058925796E-010
           8          41  -1.3703574698366236E-010
           8          42  -8.4257977770014733E-011
           8          43  -8.8105520298860296E-011
           8          44  -2.7652328258923923E-010
           8          45   2.2905253910957452E-010
           8          46  -3.0513420527761844E-010
           8          47   1.5173661428588885E-011
           8          48   7.9187941719887436E-011
           8          49  -2.2584906031118982E-010
           8          50   1.0069422758788286E-004
           8          51  -9.8700703853851401E-011
           8          52   4.5031783789768240E-005
           8          53  -1.4896132317856856E-010
           8          54   2.4307264615780547E-011
           8          55   3.1973430998977938E-011
           8          56  -4.2542861065417856E-011
           8          57   4.5031758312635148E-005
           8          58  -2.4732144617327203E-011
           8          59   7.6410651046510419E-011
           8          60  -9.6970958429040086E-005
           8          61  -4.2162780313046014E-011
           8          62  -4.3366635121567397E-005
           8          63  -1.7749593999523256E-010
           8          64  -4.1033120349310615E-011
           8          65   4.3558615887352856E-011
           8          66   3.3191206618813489E-011
           8          67  -4.3366510816536861E-005
           8          68  -1.0226888063613695E-010
           8          69  -1.3365957771876752E-010
           9           1  -1.1185256467600240E-009
           9           2   4.7170288654336437E-009
           9           3  -5.7460320542733996E-009
           9           4  -1.4129175120104383E-008
           9           5  -2.2433778295406429E-008
           9           6   1.0570040309509938E-008
           9           7   7.0826075918377805E-010
           9           8  -5.5424007724550447E-010
           9           9   2.2815837595864101     
           9          10  -1.4423005692259518E-009
           9          11   9.4674186179584302E-010
           9          12 -0.80069399431216814     
           9          13   8.3169936861665116E-009
           9          14   3.0193676614420105E-010
           9          15  -2.8027679618140261E-002
           9          16   8.9872750238869194E-009
           9          17   7.7007715067225206E-009
           9          18   2.4247998233655143E-003
           9          19   9.4860911996329178E-009
           9          20  -2.4063967437941599E-008
           9          21  -1.2135321375533656E-003
           9          22  -9.5489877373034445E-009
           9          23   1.6971218228597457E-008
           9          24   3.7365242317237922E-004
           9          25   3.6261104650518583E-009
           9          26  -1.1092961812254869E-008
           9          27  -9.6075364021683086E-009
           9          28   5.2591625035249942E-010
           9          29  -5.2379090446286087E-009
           9          30  -5.3330413260820441E-009
           9          31   5.2463791987339434E-009
           9          32   5.0325265680633746E-009
           9          33   1.2490109912960478E-009
           9          34   8.5801972324101124E-009
           9          35  -3.9569920404630942E-010
           9          36  -4.3251453290342139E-009
           9          37   4.1007854285700111E-009
           9          38  -2.9279444743297917E-009
           9          39  -8.0029472132389466E-009
           9          40  -1.0422393000849326E-008
           9          41  -1.3333796143133156E-009
           9          42   6.9571217736377442E-010
           9          43  -1.5735297660487126E-008
           9          44  -1.8922461128916023E-008
           9          45   1.4637914119659679E-008
           9          46  -1.3710853739939025E-008
           9          47  -3.7685698022615497E-009
           9          48  -2.5697738944739127E-010
           9          49  -4.8987354245662382E-009
           9          50   1.7791207722553221E-009
           9          51   4.5026889330631868E-005
           9          52  -3.0722919975114323E-009
           9          53   1.0068665830498292E-004
           9          54  -1.3613784697578924E-009
           9          55  -2.2954662756443090E-010
           9          56  -5.1551612393359890E-009
           9          57   1.1186105235846443E-011
           9          58   4.5032882676194870E-005
           9          59  -1.0898236882903498E-009
           9          60  -1.2432091073235998E-008
           9          61  -4.3367296280622039E-005
           9          62   4.6561983999835275E-009
           9          63  -9.6971853026728400E-005
           9          64  -1.8749419152069317E-009
           9          65   1.9239818867715428E-009
           9          66   8.8322546700766808E-010
           9          67   6.6558885224882559E-009
           9          68  -4.3369932431762733E-005
           9          69  -9.0817228149356137E-009
          10           1  -6.0770753307438210E-010
          10           2   2.6014174909897031E-009
          10           3  -3.3041060139327482E-009
          10           4  -8.5935074421844916E-009
          10           5  -1.3371445937397826E-008
          10           6   5.8806532300570776E-009
          10           7   6.5298278874883222E-010
          10           8  -3.0282833818570110E-010
          10           9  -1.4423005692259518E-009
          10          10   2.2815837636213825     
          10          11   5.6447374496358291E-010
          10          12   5.5556529180876239E-009
          10          13 -0.80069400531452728     
          10          14   3.6022973095714552E-010
          10          15   3.9009807703260635E-010
          10          16  -2.8027674045247260E-002
          10          17   4.8841717500466392E-009
          10          18   5.7867322449541559E-009
          10          19   2.4247935851513156E-003
          10          20  -1.3743029569324367E-008
          10          21  -3.4906389515787750E-009
          10          22  -1.2135295084039592E-003
          10          23   9.5204359549236265E-009
          10          24   3.7424827400572954E-009
          10          25   3.7364680823545208E-004
          10          26  -6.1071306857354383E-009
          10          27  -5.1724501684251805E-009
          10          28   5.9024067507614087E-011
          10          29  -2.6812912694134471E-009
          10          30  -2.4955329474124708E-009
          10          31   3.0194159123450575E-009
          10          32   2.9853364562025837E-009
          10          33   1.0495008645794169E-009
          10          34   5.1177505208867859E-009
          10          35  -5.2982515643191235E-010
          10          36  -2.6830488945782585E-009
          10          37   2.3761943030280009E-009
          10          38  -2.6029376997875434E-009
          10          39  -4.0225077014703078E-009
          10          40  -5.7916101949720791E-009
          10          41  -9.5611463378178918E-010
          10          42  -1.0187724974034022E-010
          10          43  -8.9297842836160173E-009
          10          44  -1.0456324705328412E-008
          10          45   7.5810574784090345E-009
          10          46  -7.8598406789974535E-009
          10          47  -1.8197510792079366E-009
          10          48   2.4136361982301264E-010
          10          49  -3.5794095248417384E-009
          10          50   9.7889732429567864E-010
          10          51  -2.8458200229790770E-009
          10          52  -1.7223807898396446E-009
          10          53  -4.2719053373280849E-009
          10          54   4.5031205683778355E-005
          10          55  -6.5568926088845376E-011
          10          56   4.5029077199137638E-005
          10          57  -2.0425343615189007E-010
          10          58   4.7706164301942241E-010
          10          59   1.0069367069615091E-004
          10          60  -7.0579663660340990E-009
          10          61  -3.7461288941757780E-010
          10          62   2.1048502540412487E-009
          10          63  -1.1523554771777227E-009
          10          64  -4.3367824404617360E-005
          10          65   1.1695519446585521E-009
          10          66  -4.3366244133322185E-005
          10          67   3.8856343859085143E-009
          10          68  -1.9502597030557464E-009
          10          69  -9.6975822429074454E-005
          11           1   2.8592062523892313E-010
          11           2  -1.0786231114439928E-009
          11           3  -6.9551661665952532E-010
          11           4   1.0818931322493588E-009
          11           5   1.4502027128550905E-009
          11           6  -7.3583227355411748E-010
          11           7   1.1737653988638202E-010
          11           8 -0.80069400798383372     
          11           9   9.4674186179584302E-010
          11          10   5.6447374496358291E-010
          11          11   2.2768646218164426     
          11          12  -3.0374522669717708E-009
          11          13  -1.7513526248542807E-009
          11          14   7.9750310383451456E-002
          11          15  -5.5574639631782759E-010
          11          16  -5.5833780448516237E-010
          11          17  -6.8738845552620944E-003
          11          18  -3.1672806306852920E-010
          11          19  -2.8631997656557000E-010
          11          20   3.4378793193562684E-003
          11          21   1.5729224798292863E-010
          11          22   5.0063269547702158E-011
          11          23  -1.0590075868168198E-003
          11          24  -2.1768129733335356E-010
          11          25   7.1730067060341986E-011
          11          26   2.9911517722376549E-010
          11          27  -9.0226099891134041E-011
          11          28   7.6787629422259889E-010
          11          29  -7.2468657904566929E-011
          11          30   9.5396175526640160E-011
          11          31   6.8778727701986868E-010
          11          32  -1.0365618693684055E-009
          11          33  -6.6333944543814032E-010
          11          34  -8.4588148943105794E-010
          11          35  -2.1308895596367046E-010
          11          36   7.8669458565296958E-011
          11          37  -5.8666139647718610E-010
          11          38   1.4286609059765865E-009
          11          39   1.1578106590867862E-009
          11          40   6.7218111544772118E-010
          11          41   4.0776203411875519E-010
          11          42   1.4746125040296922E-010
          11          43   5.9544452375243809E-010
          11          44   9.7432287325411795E-010
          11          45  -6.2207913841793248E-010
          11          46   9.5410164831283729E-010
          11          47   3.2544385036545631E-012
          11          48  -1.9273819301908441E-010
          11          49   8.0766139535455504E-010
          11          50  -3.0294998151842996E-004
          11          51   1.9924043452923748E-010
          11          52  -1.3548326649508874E-004
          11          53   4.2919832805107865E-010
          11          54   2.9380312847882428E-011
          11          55  -6.3327727911960721E-011
          11          56   1.7812350198833106E-010
          11          57  -1.3548315964507986E-004
          11          58   2.6441065561339035E-012
          11          59  -2.6754118054829548E-011
          11          60   2.3819647061161948E-004
          11          61   9.4354629662082244E-011
          11          62   1.0652445511666911E-004
          11          63   4.1863962119447153E-010
          11          64   1.7224972420096789E-010
          11          65  -8.7681998585635632E-011
          11          66  -4.3050761959663322E-011
          11          67   1.0652411684392201E-004
          11          68   2.1532355578386473E-010
          11          69   4.6344424279740512E-010
          12           1   3.2475158202689002E-009
          12           2  -1.3531142682248638E-008
          12           3   1.8520798285905552E-008
          12           4   4.1228150418926341E-008
          12           5   6.4821149948203972E-008
          12           6  -3.0045133840081104E-008
          12           7  -2.1566376090559222E-009
          12           8   1.7562609138424506E-009
          12           9 -0.80069399431216814     
          12          10   5.5556529180876239E-009
          12          11  -3.0374522669717708E-009
          12          12   2.2768645775730159     
          12          13  -2.7854020903049912E-008
          12          14  -7.9052040782732641E-010
          12          15   7.9750311173966609E-002
          12          16  -2.5746761496972917E-008
          12          17  -2.1876206637067488E-008
          12          18  -6.8739152504544120E-003
          12          19  -2.6494718536272245E-008
          12          20   6.8121035733257430E-008
          12          21   3.4378981771299101E-003
          12          22   2.6856821375901509E-008
          12          23  -4.8043163696322649E-008
          12          24  -1.0590266047848574E-003
          12          25  -1.0238921293367232E-008
