           1           1   2.1687112896362244     
           1           2 -0.63901008322658481     
           1           3   1.1205503297484115E-013
           1           4  -1.0138190246521080E-014
           1           5   4.0898562872777405E-014
           1           6   8.5474954391113953E-002
           1           7  -3.5868643439904289E-013
           1           8   8.2493075712919240E-014
           1           9  -8.6719119612648422E-014
           1          10   6.9612495353609916E-002
           1          11   1.2472781639089464E-013
           1          12  -6.4398382848233887E-015
           1          13   2.0856681666587213E-014
           1          14  -3.6119602379706185E-003
           1          15  -1.8887764135701330E-014
           1          16   2.6758238304329520E-015
           1          17  -1.0271719491235531E-014
           1          18   1.1686157700099339E-002
           1          19  -6.9283994547929049E-012
           1          20   1.1686157700117220E-002
           1          21   1.1020572737793348E-011
           1          22  -2.7863635235848768E-012
           1          23   1.1686157700205712E-002
           2           1 -0.63901008322658481     
           2           2   2.4323800452522302     
           2           3  -4.9584533670327188E-013
           2           4   2.0915420628849321E-013
           2           5  -1.9710365730072794E-013
           2           6 -0.53384057521949146     
           2           7   1.2088454487240202E-012
           2           8  -1.8451209227099057E-013
           2           9   3.1120475543329642E-013
           2          10 -0.30119538369622534     
           2          11  -6.3103351571414870E-013
           2          12   1.6686812628277359E-014
           2          13  -6.0648911681298875E-014
           2          14   1.5058079639132188E-002
           2          15   1.2071835085396333E-013
           2          16  -5.7173082825764599E-014
           2          17   4.1552222734971981E-014
           2          18  -1.0991856969016082E-003
           2          19   1.3200900650132073E-011
           2          20  -1.0991856969253520E-003
           2          21  -1.9516189828142783E-011
           2          22   3.2548215847112625E-012
           2          23  -1.0991856970226210E-003
           3           1   1.1205503297484115E-013
           3           2  -4.9584533670327188E-013
           3           3   2.1502503464189662     
           3           4  -8.5435131191857749E-015
           3           5   6.6754761440801502E-014
           3           6   1.6426963043954479E-012
           3           7 -0.40819500650710899     
           3           8   6.3081484480420613E-014
           3           9  -9.9909663875408228E-014
           3          10  -1.2003591017373544E-012
           3          11 -0.23654960282366461     
           3          12  -1.3975279267164353E-013
           3          13   5.8545182590741263E-014
           3          14   7.0638225820201756E-013
           3          15  -7.0307041967821050E-003
           3          16  -4.4017524000738995E-014
           3          17   2.6097830493898577E-015
           3          18   2.4350758674452163E-013
           3          19  -2.2187306564043136E-012
           3          20  -1.6399270161840879E-013
           3          21   1.2997449594377858E-011
           3          22   3.2105114428183899E-012
           3          23  -4.8254407865914069E-013
           4           1  -1.0138190246521080E-014
           4           2   2.0915420628849321E-013
           4           3  -8.5435131191857749E-015
           4           4   2.1502503464188267     
           4           5  -4.0249054089613878E-014
           4           6  -4.2545899290738448E-013
           4           7   9.6235519553289350E-014
           4           8 -0.40819500650679119     
           4           9   1.0075967837863686E-013
           4          10   1.7087441057265673E-013
           4          11   2.0962398483703737E-014
           4          12 -0.23654960282354892     
           4          13  -1.1310397063368782E-013
           4          14  -1.7055450670513234E-013
           4          15  -1.5602710096151995E-013
           4          16  -7.0307041971355323E-003
           4          17   1.0917850824798681E-013
           4          18   3.0761971480965173E-014
           4          19   1.9107227425115870E-011
           4          20   1.7951532729352670E-013
           4          21  -2.3210515030473053E-011
           4          22   2.9875081900920082E-012
           4          23   1.2443830158834331E-013
           5           1   4.0898562872777405E-014
           5           2  -1.9710365730072794E-013
           5           3   6.6754761440801502E-014
           5           4  -4.0249054089613878E-014
           5           5   2.1502503464188654     
           5           6   5.3038815169806979E-013
           5           7  -1.3621048733369889E-013
           5           8   3.7143899067615394E-014
           5           9 -0.40819500650684570     
           5          10  -2.2726078212930456E-013
           5          11  -3.4637223644828907E-014
           5          12   1.2771034230141254E-014
           5          13 -0.23654960282342907     
           5          14   1.8279469338195310E-013
           5          15   2.0466571146182666E-013
           5          16  -9.4112434859128236E-014
           5          17  -7.0307041973415949E-003
           5          18  -3.5568432217219040E-014
           5          19  -3.7190354935007961E-011
           5          20  -7.0827427009388053E-014
           5          21   5.4021028242810452E-011
           5          22  -7.4883731570436636E-012
           5          23  -1.7781902586343978E-013
           6           1   8.5474954391113953E-002
           6           2 -0.53384057521949146     
           6           3   1.6426963043954479E-012
           6           4  -4.2545899290738448E-013
           6           5   5.3038815169806979E-013
           6           6   1.1523155681624364     
           6           7  -3.6418106479785578E-012
           6           8   4.5636856026090284E-013
           6           9  -8.1815963890017768E-013
           6          10  0.54426235019331171     
           6          11  -8.6129506982738110E-014
           6          12   2.2139815553275286E-013
           6          13  -2.1262213695492423E-013
           6          14  -1.6649177762860085E-002
           6          15  -1.6018337966085176E-013
           6          16   5.1334441308354062E-014
           6          17  -4.9103510338841431E-014
           6          18  -3.6497550891439212E-003
           6          19  -1.7419881637487371E-012
           6          20  -3.6497550891398224E-003
           6          21   2.5638102288407614E-012
           6          22  -4.3835303298150811E-013
           6          23  -3.6497550891159605E-003
           7           1  -3.5868643439904289E-013
           7           2   1.2088454487240202E-012
           7           3 -0.40819500650710899     
           7           4   9.6235519553289350E-014
           7           5  -1.3621048733369889E-013
           7           6  -3.6418106479785578E-012
           7           7   1.1430747585447767     
           7           8  -1.2234657731369225E-013
           7           9   1.4521717162097048E-013
           7          10   1.9118999114471230E-012
           7          11  0.56533797978647060     
           7          12  -2.5054264218837830E-013
           7          13  -2.2495894036467234E-013
           7          14  -1.3917438768756885E-012
           7          15   2.9257084104002906E-002
           7          16   4.0875159160180807E-013
           7          17   3.6265001418511744E-013
           7          18  -1.1706461244214082E-012
           7          19   1.3736858006670238E-012
           7          20   5.3400888615057583E-013
           7          21  -2.4069615228869362E-012
           7          22   2.2291529136884689E-013
           7          23   8.7623057953014825E-013
           8           1   8.2493075712919240E-014
           8           2  -1.8451209227099057E-013
           8           3   6.3081484480420613E-014
           8           4 -0.40819500650679119     
           8           5   3.7143899067615394E-014
           8           6   4.5636856026090284E-013
           8           7  -1.2234657731369225E-013
           8           8   1.1430747585441634     
           8           9  -8.9345197906709473E-014
           8          10  -3.6522250563565463E-013
           8          11  -1.8628154574429345E-013
           8          12  0.56533797978586264     
           8          13   8.8998253211514111E-014
           8          14   5.1228520670607297E-013
           8          15   4.6678286236279121E-013
           8          16   2.9257084105387944E-002
           8          17  -1.3572693316477036E-013
           8          18   1.7182504170884803E-013
           8          19   6.3578113974510141E-015
           8          20  -2.6591810547995226E-013
           8          21  -1.1910554288055544E-012
           8          22   3.1554259945886987E-013
           8          23   2.1794387602159554E-014
           9           1  -8.6719119612648422E-014
           9           2   3.1120475543329642E-013
           9           3  -9.9909663875408228E-014
           9           4   1.0075967837863686E-013
           9           5 -0.40819500650684570     
           9           6  -8.1815963890017768E-013
           9           7   1.4521717162097048E-013
           9           8  -8.9345197906709473E-014
           9           9   1.1430747585441718     
           9          10   4.0383610014146191E-013
           9          11   2.4243107521471075E-013
           9          12  -5.0404125317982107E-014
           9          13  0.56533797978571343     
           9          14  -4.8337533410113005E-013
           9          15  -5.4394791622336403E-013
           9          16   1.5361540164904319E-013
           9          17   2.9257084105663599E-002
           9          18  -2.7068362492689361E-014
           9          19   1.6772865520243568E-012
           9          20  -6.7558354587608476E-014
           9          21  -3.4859464716226265E-012
           9          22   4.0961032793814306E-013
           9          23   2.3315755621583790E-013
          10           1   6.9612495353609916E-002
          10           2 -0.30119538369622534     
          10           3  -1.2003591017373544E-012
          10           4   1.7087441057265673E-013
          10           5  -2.2726078212930456E-013
          10           6  0.54426235019331171     
          10           7   1.9118999114471230E-012
          10           8  -3.6522250563565463E-013
          10           9   4.0383610014146191E-013
          10          10  0.25829215147925255     
          10          11   1.7775245339174790E-012
          10          12  -1.8803191889163078E-013
          10          13   2.9673437474621988E-013
          10          14  -8.0314925378001771E-003
          10          15   1.4921197379698993E-014
          10          16   1.0334281624169475E-014
          10          17  -3.7616092420041525E-015
          10          18  -1.5728021262011245E-003
          10          19  -1.1278577276175186E-012
          10          20  -1.5728021261986066E-003
          10          21   1.6682304379926960E-012
          10          22  -2.9069338913224624E-013
          10          23  -1.5728021261849027E-003
          11           1   1.2472781639089464E-013
          11           2  -6.3103351571414870E-013
          11           3 -0.23654960282366461     
          11           4   2.0962398483703737E-014
          11           5  -3.4637223644828907E-014
          11           6  -8.6129506982738110E-014
          11           7  0.56533797978647060     
          11           8  -1.8628154574429345E-013
          11           9   2.4243107521471075E-013
          11          10   1.7775245339174790E-012
          11          11  0.28020243151959967     
          11          12  -1.8075818619678330E-013
          11          13  -2.8518853945058709E-014
          11          14  -7.1827764416138341E-013
          11          15   1.4410772345625510E-002
          11          16   1.9706502055183428E-013
          11          17   1.8157903566157207E-013
          11          18  -5.8054377666731745E-013
          11          19   7.0927944559742961E-013
          11          20   2.5905856873132698E-013
          11          21  -1.4003422776693366E-012
          11          22   5.3348820358983750E-014
          11          23   4.3170952769374185E-013
          12           1  -6.4398382848233887E-015
          12           2   1.6686812628277359E-014
          12           3  -1.3975279267164353E-013
          12           4 -0.23654960282354892     
          12           5   1.2771034230141254E-014
          12           6   2.2139815553275286E-013
          12           7  -2.5054264218837830E-013
          12           8  0.56533797978586264     
          12           9  -5.0404125317982107E-014
          12          10  -1.8803191889163078E-013
          12          11  -1.8075818619678330E-013
          12          12  0.28020243151915331     
          12          13   4.3069714461552167E-014
          12          14   2.5363924835854741E-013
          12          15   2.2542839990535857E-013
          12          16   1.4410772346300062E-002
          12          17  -6.8319482016132582E-014
          12          18   8.3184234344535430E-014
          12          19  -3.2733904629245568E-013
          12          20  -1.3318262446932506E-013
          12          21  -1.8030517979281403E-013
          12          22   1.0244473346702452E-013
          12          23   8.2889896028369149E-015
          13           1   2.0856681666587213E-014
          13           2  -6.0648911681298875E-014
          13           3   5.8545182590741263E-014
          13           4  -1.1310397063368782E-013
          13           5 -0.23654960282342907     
          13           6  -2.1262213695492423E-013
          13           7  -2.2495894036467234E-013
          13           8   8.8998253211514111E-014
          13           9  0.56533797978571343     
          13          10   2.9673437474621988E-013
          13          11  -2.8518853945058709E-014
          13          12   4.3069714461552167E-014
          13          13  0.28020243151900054     
          13          14  -2.4250066727608139E-013
          13          15  -2.7683421961050003E-013
          13          16   7.9867969876579181E-014
          13          17   1.4410772346434467E-002
          13          18  -1.2982435881177620E-014
          13          19   1.4623650288638090E-012
          13          20  -3.2148128063420116E-014
          13          21  -2.6367895014680184E-012
          13          22   3.2955932322003513E-013
          13          23   1.1657257350778879E-013
          14           1  -3.6119602379706185E-003
          14           2   1.5058079639132188E-002
          14           3   7.0638225820201756E-013
          14           4  -1.7055450670513234E-013
          14           5   1.8279469338195310E-013
          14           6  -1.6649177762860085E-002
          14           7  -1.3917438768756885E-012
          14           8   5.1228520670607297E-013
          14           9  -4.8337533410113005E-013
          14          10  -8.0314925378001771E-003
          14          11  -7.1827764416138341E-013
          14          12   2.5363924835854741E-013
          14          13  -2.4250066727608139E-013
          14          14   2.6530978808113109E-004
          14          15  -3.4095005155547749E-014
          14          16   1.2441436658245362E-014
          14          17  -1.1873324135796096E-014
          14          18   4.1326503532096258E-005
          14          19   6.7446092292045826E-014
          14          20   4.1326503531961505E-005
          14          21  -9.9704229194714105E-014
          14          22   1.6939080158825784E-014
          14          23   4.1326503531315510E-005
          15           1  -1.8887764135701330E-014
          15           2   1.2071835085396333E-013
          15           3  -7.0307041967821050E-003
          15           4  -1.5602710096151995E-013
          15           5   2.0466571146182666E-013
          15           6  -1.6018337966085176E-013
          15           7   2.9257084104002906E-002
          15           8   4.6678286236279121E-013
          15           9  -5.4394791622336403E-013
          15          10   1.4921197379698993E-014
          15          11   1.4410772345625510E-002
          15          12   2.2542839990535857E-013
          15          13  -2.7683421961050003E-013
          15          14  -3.4095005155547749E-014
          15          15   7.5466241370940226E-004
          15          16   2.2678771837911227E-014
          15          17  -4.4869842433584162E-015
          15          18  -3.0057500577173170E-014
          15          19   3.2213194131301999E-014
          15          20   1.3916382708858249E-014
          15          21  -4.0914635525399132E-014
          15          22   1.1314266894202969E-014
          15          23   2.2341059600246429E-014
          16           1   2.6758238304329520E-015
          16           2  -5.7173082825764599E-014
          16           3  -4.4017524000738995E-014
          16           4  -7.0307041971355323E-003
          16           5  -9.4112434859128236E-014
          16           6   5.1334441308354062E-014
          16           7   4.0875159160180807E-013
          16           8   2.9257084105387944E-002
          16           9   1.5361540164904319E-013
          16          10   1.0334281624169475E-014
          16          11   1.9706502055183428E-013
          16          12   1.4410772346300062E-002
          16          13   7.9867969876579181E-014
          16          14   1.2441436658245362E-014
          16          15   2.2678771837911227E-014
          16          16   7.5466241378117807E-004
          16          17   5.4983957924886750E-016
          16          18   4.4054177037319559E-015
          16          19   3.2739012698879122E-014
          16          20  -6.8116240078285697E-015
          16          21  -7.0777609572819542E-014
          16          22   1.3361301137936021E-014
          16          23   6.3369310229339544E-016
          17           1  -1.0271719491235531E-014
          17           2   4.1552222734971981E-014
          17           3   2.6097830493898577E-015
          17           4   1.0917850824798681E-013
          17           5  -7.0307041973415949E-003
          17           6  -4.9103510338841431E-014
          17           7   3.6265001418511744E-013
          17           8  -1.3572693316477036E-013
          17           9   2.9257084105663599E-002
          17          10  -3.7616092420041525E-015
          17          11   1.8157903566157207E-013
          17          12  -6.8319482016132582E-014
          17          13   1.4410772346434467E-002
          17          14  -1.1873324135796096E-014
          17          15  -4.4869842433584162E-015
          17          16   5.4983957924886750E-016
          17          17   7.5466241379492120E-004
          17          18  -7.0749738323312969E-016
          17          19  -1.9447839844874548E-014
          17          20  -1.8286431480627559E-015
          17          21   7.4533637209542663E-016
          17          22  -2.0322285460482310E-015
          17          23   5.8690561545573432E-015
          18           1   1.1686157700099339E-002
          18           2  -1.0991856969016082E-003
          18           3   2.4350758674452163E-013
          18           4   3.0761971480965173E-014
          18           5  -3.5568432217219040E-014
          18           6  -3.6497550891439212E-003
          18           7  -1.1706461244214082E-012
          18           8   1.7182504170884803E-013
          18           9  -2.7068362492689361E-014
          18          10  -1.5728021262011245E-003
          18          11  -5.8054377666731745E-013
          18          12   8.3184234344535430E-014
          18          13  -1.2982435881177620E-014
          18          14   4.1326503532096258E-005
          18          15  -3.0057500577173170E-014
          18          16   4.4054177037319559E-015
          18          17  -7.0749738323312969E-016
          18          18   7.7812067257357120E-005
          18          19  -2.9348973605178359E-014
          18          20   7.7812067257436917E-005
          18          21   4.7785404091373770E-014
          18          22  -1.3244638578130740E-014
          18          23   7.7812067257824709E-005
          19           1  -6.9283994547929049E-012
          19           2   1.3200900650132073E-011
          19           3  -2.2187306564043136E-012
          19           4   1.9107227425115870E-011
          19           5  -3.7190354935007961E-011
          19           6  -1.7419881637487371E-012
          19           7   1.3736858006670238E-012
          19           8   6.3578113974510141E-015
          19           9   1.6772865520243568E-012
          19          10  -1.1278577276175186E-012
          19          11   7.0927944559742961E-013
          19          12  -3.2733904629245568E-013
          19          13   1.4623650288638090E-012
          19          14   6.7446092292045826E-014
          19          15   3.2213194131301999E-014
          19          16   3.2739012698879122E-014
          19          17  -1.9447839844874548E-014
          19          18  -2.9348973605178359E-014
          19          19   9.3466865990348818E-022
          19          20  -2.9348973602697467E-014
          19          21  -1.3249138711582546E-021
          19          22   1.8284478967772824E-022
          19          23  -2.9348973602006071E-014
          20           1   1.1686157700117220E-002
          20           2  -1.0991856969253520E-003
          20           3  -1.6399270161840879E-013
          20           4   1.7951532729352670E-013
          20           5  -7.0827427009388053E-014
          20           6  -3.6497550891398224E-003
          20           7   5.3400888615057583E-013
          20           8  -2.6591810547995226E-013
          20           9  -6.7558354587608476E-014
          20          10  -1.5728021261986066E-003
          20          11   2.5905856873132698E-013
          20          12  -1.3318262446932506E-013
          20          13  -3.2148128063420116E-014
          20          14   4.1326503531961505E-005
          20          15   1.3916382708858249E-014
          20          16  -6.8116240078285697E-015
          20          17  -1.8286431480627559E-015
          20          18   7.7812067257436917E-005
          20          19  -2.9348973602697467E-014
          20          20   7.7812067257516715E-005
          20          21   4.7785404088598936E-014
          20          22  -1.3244638577482007E-014
          20          23   7.7812067257904507E-005
          21           1   1.1020572737793348E-011
          21           2  -1.9516189828142783E-011
          21           3   1.2997449594377858E-011
          21           4  -2.3210515030473053E-011
          21           5   5.4021028242810452E-011
          21           6   2.5638102288407614E-012
          21           7  -2.4069615228869362E-012
          21           8  -1.1910554288055544E-012
          21           9  -3.4859464716226265E-012
          21          10   1.6682304379926960E-012
          21          11  -1.4003422776693366E-012
          21          12  -1.8030517979281403E-013
          21          13  -2.6367895014680184E-012
          21          14  -9.9704229194714105E-014
          21          15  -4.0914635525399132E-014
          21          16  -7.0777609572819542E-014
          21          17   7.4533637209542663E-016
          21          18   4.7785404091373770E-014
          21          19  -1.3249138711582546E-021
          21          20   4.7785404088598936E-014
          21          21   1.9350080546262784E-021
          21          22  -2.4412299704527795E-022
          21          23   4.7785404085844776E-014
          22           1  -2.7863635235848768E-012
          22           2   3.2548215847112625E-012
          22           3   3.2105114428183899E-012
          22           4   2.9875081900920082E-012
          22           5  -7.4883731570436636E-012
          22           6  -4.3835303298150811E-013
          22           7   2.2291529136884689E-013
          22           8   3.1554259945886987E-013
          22           9   4.0961032793814306E-013
          22          10  -2.9069338913224624E-013
          22          11   5.3348820358983750E-014
          22          12   1.0244473346702452E-013
          22          13   3.2955932322003513E-013
          22          14   1.6939080158825784E-014
          22          15   1.1314266894202969E-014
          22          16   1.3361301137936021E-014
          22          17  -2.0322285460482310E-015
          22          18  -1.3244638578130740E-014
          22          19   1.8284478967772824E-022
          22          20  -1.3244638577482007E-014
          22          21  -2.4412299704527795E-022
          22          22   4.3653805771916924E-023
          22          23  -1.3244638577666980E-014
          23           1   1.1686157700205712E-002
          23           2  -1.0991856970226210E-003
          23           3  -4.8254407865914069E-013
          23           4   1.2443830158834331E-013
          23           5  -1.7781902586343978E-013
          23           6  -3.6497550891159605E-003
          23           7   8.7623057953014825E-013
          23           8   2.1794387602159554E-014
          23           9   2.3315755621583790E-013
          23          10  -1.5728021261849027E-003
          23          11   4.3170952769374185E-013
          23          12   8.2889896028369149E-015
          23          13   1.1657257350778879E-013
          23          14   4.1326503531315510E-005
          23          15   2.2341059600246429E-014
          23          16   6.3369310229339544E-016
          23          17   5.8690561545573432E-015
          23          18   7.7812067257824709E-005
          23          19  -2.9348973602006071E-014
          23          20   7.7812067257904507E-005
          23          21   4.7785404085844776E-014
          23          22  -1.3244638577666980E-014
          23          23   7.7812067258292326E-005
