           1           1   2.1963949581746114     
           1           2 -0.75322084284308044     
           1           3   4.5112966034472331E-014
           1           4   8.2689048706357073E-015
           1           5  -6.4034700987513056E-015
           1           6  0.80436487936710144     
           1           7   1.3653224855600779E-014
           1           8  -5.2849031041388150E-014
           1           9  -3.4826041595024862E-015
           1          10  -8.1125508664709856E-002
           1          11  -2.6764180185206071E-015
           1          12   1.2496930172734480E-014
           1          13   8.9084544665993759E-017
           1          14   2.2639701367626670E-002
           1          15   1.5783861499570243E-015
           1          16  -6.5260924457536255E-015
           1          17   4.3788465115080713E-016
           1          18 -0.21814329370167615     
           1          19   1.2449584319221991E-015
           1          20 -0.21814329370167393     
           1          21   1.2437776706462913E-015
           1          22  -6.1021463582783346E-016
           1          23 -0.21814329370167182     
           2           1 -0.75322084284308044     
           2           2   2.8916282996430294     
           2           3  -1.7740680681140999E-013
           2           4  -2.3160163564235818E-014
           2           5   2.4948374731370284E-014
           2           6  -3.2633397939012485     
           2           7  -4.4479685200483726E-014
           2           8   1.9469079032086290E-013
           2           9   1.3995051617399562E-014
           2          10  0.33693776496227357     
           2          11   2.0793504397162984E-014
           2          12  -4.9887225086817390E-014
           2          13   2.4678410430423443E-015
           2          14  -9.6910940541480250E-002
           2          15  -1.4962274987956982E-014
           2          16   2.3279864741478453E-014
           2          17  -1.8398215420343245E-015
           2          18  0.86523613090343454     
           2          19   3.9811501233228774E-016
           2          20  0.86523613090343598     
           2          21   5.7184108641996797E-015
           2          22  -9.8647073559346588E-017
           2          23  0.86523613090344242     
           3           1   4.5112966034472331E-014
           3           2  -1.7740680681140999E-013
           3           3   2.2407541121116088     
           3           4  -3.6605653698710576E-003
           3           5  -4.7248575376692165E-002
           3           6   1.5608451982871138E-014
           3           7 -0.74895225806459054     
           3           8   1.2501977882935436E-002
           3           9  0.16136869162936321     
           3          10   4.5082175005499618E-014
           3          11  0.25220701938483980     
           3          12  -4.5138836569584578E-004
           3          13  -5.8262741043937742E-003
           3          14  -3.3380737177377267E-014
           3          15 -0.11452109783075122     
           3          16   1.0507530368677363E-003
           3          17   1.3562545412513923E-002
           3          18  -1.6604093872634132E-014
           3          19  -4.7366805513581867E-015
           3          20  -5.3008465329342951E-014
           3          21   1.4535258552693197E-014
           3          22  -3.5153809118639722E-014
           3          23  -2.9074884235300182E-015
           4           1   8.2689048706357073E-015
           4           2  -2.3160163564235818E-014
           4           3  -3.6605653698710576E-003
           4           4   2.2817079171608716     
           4           5  -4.1899976801453003E-003
           4           6   3.3150999671665052E-013
           4           7   1.2501977882959750E-002
           4           8 -0.88882233637612396     
           4           9   1.4310155135572648E-002
           4          10  -1.3278887807539672E-013
           4          11  -4.5138836575446024E-004
           4          12  0.25725707839577711     
           4          13  -5.1667324970880522E-004
           4          14   6.9022926819495993E-014
           4          15   1.0507530368973521E-003
           4          16 -0.12627675049055925     
           4          17   1.2027248094613524E-003
           4          18  -3.1572504347109869E-014
           4          19   1.1135459488847399E-014
           4          20  -1.1193511444750630E-013
           4          21  -3.4096424570654136E-014
           4          22  -2.6448838837423424E-014
           4          23  -9.1904908755568506E-014
           5           1  -6.4034700987513056E-015
           5           2   2.4948374731370284E-014
           5           3  -4.7248575376692165E-002
           5           4  -4.1899976801453003E-003
           5           5   2.2279503376089203     
           5           6   7.9042251362221399E-015
           5           7  0.16136869162936310     
           5           8   1.4310155135574765E-002
           5           9 -0.70522335570210526     
           5          10   1.7473518955630715E-015
           5          11  -5.8262741044551834E-003
           5          12  -5.1667324966363009E-004
           5          13  0.25062817178508201     
           5          14  -9.4247805646954594E-017
           5          15   1.3562545412531725E-002
           5          16   1.2027248094205411E-003
           5          17 -0.11084581721628259     
           5          18  -3.4946875984515371E-015
           5          19   3.8338841464286665E-015
           5          20   8.6213641751591828E-015
           5          21  -4.7644548526646746E-016
           5          22   2.1309697938565627E-015
           5          23  -5.3716784390967866E-016
           6           1  0.80436487936710144     
           6           2  -3.2633397939012485     
           6           3   1.5608451982871138E-014
           6           4   3.3150999671665052E-013
           6           5   7.9042251362221399E-015
           6           6   11.990221505038186     
           6           7   4.4352033913058726E-013
           6           8  -1.4778161666487054E-012
           6           9  -9.6150815447567124E-014
           6          10  -1.4067879970478625     
           6          11  -1.7403507514286270E-013
           6          12   4.1635637261624120E-013
           6          13  -1.6546181226930073E-014
           6          14  0.45068290178735421     
           6          15   9.2652425785116076E-014
           6          16  -1.7190745870451071E-013
           6          17   1.7106829155261062E-014
           6          18  -2.7694103220052408     
           6          19  -4.4165221732149709E-015
           6          20  -2.7694103220052582     
           6          21  -2.9685800624497491E-014
           6          22   3.9769268264379659E-015
           6          23  -2.7694103220052702     
           7           1   1.3653224855600779E-014
           7           2  -4.4479685200483726E-014
           7           3 -0.74895225806459054     
           7           4   1.2501977882959750E-002
           7           5  0.16136869162936310     
           7           6   4.4352033913058726E-013
           7           7   2.1976418124385946     
           7           8  -4.2698172329386552E-002
           7           9 -0.55112465149628209     
           7          10  -2.1201029195933650E-013
           7          11 -0.50478666454162135     
           7          12   1.5416327246070773E-003
           7          13   1.9898551899396828E-002
           7          14   1.1232308461815502E-013
           7          15  0.25505535263864421     
           7          16  -3.5886509050077672E-003
           7          17  -4.6320342802567541E-002
           7          18  -5.9139924458317737E-014
           7          19   2.8758610049449594E-014
           7          20  -1.3509936041202964E-013
           7          21  -4.8778016544339103E-014
           7          22  -6.2151368006786702E-014
           7          23  -1.3476768352888770E-013
           8           1  -5.2849031041388150E-014
           8           2   1.9469079032086290E-013
           8           3   1.2501977882935436E-002
           8           4 -0.88882233637612396     
           8           5   1.4310155135574765E-002
           8           6  -1.4778161666487054E-012
           8           7  -4.2698172329386552E-002
           8           8   2.6753419622376056     
           8           9  -4.8873664292126057E-002
           8          10   5.6885462485345977E-013
           8          11   1.5416327247657049E-003
           8          12 -0.52203419864709422     
           8          13   1.7646010624221878E-003
           8          14  -2.9695913233628957E-013
           8          15  -3.5886509051172161E-003
           8          16  0.29520459044810704     
           8          17  -4.1076821332156717E-003
           8          18   1.5569766935011777E-013
           8          19  -3.5998537194821636E-014
           8          20   4.8444898204531299E-013
           8          21   1.4565364686620492E-013
           8          22   1.0984700115242172E-013
           8          23   4.2321834605734978E-013
           9           1  -3.4826041595024862E-015
           9           2   1.3995051617399562E-014
           9           3  0.16136869162936321     
           9           4   1.4310155135572648E-002
           9           5 -0.70522335570210526     
           9           6  -9.6150815447567124E-014
           9           7 -0.55112465149628209     
           9           8  -4.8873664292126057E-002
           9           9   2.0482939071449868     
           9          10   2.2189972544712592E-014
           9          11   1.9898551899479769E-002
           9          12   1.7646010622265735E-003
           9          13 -0.49939440521057832     
           9          14  -1.3781814206890814E-014
           9          15  -4.6320342802639650E-002
           9          16  -4.1076821330456653E-003
           9          17  0.24250311758381871     
           9          18   3.0522977949482754E-014
           9          19  -2.0160022072876364E-014
           9          20   1.2328146574057790E-014
           9          21  -2.0922567247942024E-015
           9          22   2.0096710459548658E-014
           9          23   1.6379763437457899E-014
          10           1  -8.1125508664709856E-002
          10           2  0.33693776496227357     
          10           3   4.5082175005499618E-014
          10           4  -1.3278887807539672E-013
          10           5   1.7473518955630715E-015
          10           6  -1.4067879970478625     
          10           7  -2.1201029195933650E-013
          10           8   5.6885462485345977E-013
          10           9   2.2189972544712592E-014
          10          10  0.19224308070722079     
          10          11   7.1813957180672522E-014
          10          12  -1.7651119459298671E-013
          10          13  -1.4461406623180979E-015
          10          14  -5.4007729020143738E-002
          10          15  -3.2717891827297187E-014
          10          16   7.1456083388744088E-014
          10          17  -1.7985394467210227E-015
          10          18  0.34595530981057415     
          10          19   5.3653152720092290E-016
          10          20  0.34595530981057715     
          10          21   4.1918978204583855E-015
          10          22  -6.5494572479646847E-016
          10          23  0.34595530981057876     
          11           1  -2.6764180185206071E-015
          11           2   2.0793504397162984E-014
          11           3  0.25220701938483980     
          11           4  -4.5138836575446024E-004
          11           5  -5.8262741044551834E-003
          11           6  -1.7403507514286270E-013
          11           7 -0.50478666454162135     
          11           8   1.5416327247657049E-003
          11           9   1.9898551899479769E-002
          11          10   7.1813957180672522E-014
          11          11  0.15217761326677112     
          11          12  -5.5661198804411960E-005
          11          13  -7.1844430585115142E-004
          11          14  -3.5755735086566915E-014
          11          15  -6.5129538613646690E-002
          11          16   1.2956951953112228E-004
          11          17   1.6724124800919910E-003
          11          18   2.2673115568674583E-014
          11          19  -1.9898603427736936E-015
          11          20   5.1567692951773898E-014
          11          21   1.7492434034992529E-014
          11          22   1.2916750119494988E-014
          11          23   5.3462781260485618E-014
          12           1   1.2496930172734480E-014
          12           2  -4.9887225086817390E-014
          12           3  -4.5138836569584578E-004
          12           4  0.25725707839577711     
          12           5  -5.1667324966363009E-004
          12           6   4.1635637261624120E-013
          12           7   1.5416327246070773E-003
          12           8 -0.52203419864709422     
          12           9   1.7646010622265735E-003
          12          10  -1.7651119459298671E-013
          12          11  -5.5661198804411960E-005
          12          12  0.15280034163057185     
          12          13  -6.3711550120826998E-005
          12          14   8.9890175484688039E-014
          12          15   1.2956951954429621E-004
          12          16  -6.6579141149298068E-002
          12          17   1.4830932697184140E-004
          12          18  -4.4321263327819127E-014
          12          19   5.1515295834915784E-015
          12          20  -1.2975038726675748E-013
          12          21  -4.4569088523793354E-014
          12          22  -3.7082371108927164E-014
          12          23  -1.2710384442162730E-013
          13           1   8.9084544665993759E-017
          13           2   2.4678410430423443E-015
          13           3  -5.8262741043937742E-003
          13           4  -5.1667324970880522E-004
          13           5  0.25062817178508201     
          13           6  -1.6546181226930073E-014
          13           7   1.9898551899396828E-002
          13           8   1.7646010624221878E-003
          13           9 -0.49939440521057832     
          13          10  -1.4461406623180979E-015
          13          11  -7.1844430585115142E-004
          13          12  -6.3711550120826998E-005
          13          13  0.15198292382241110     
          13          14   2.0901542608217693E-015
          13          15   1.6724124801029835E-003
          13          16   1.4830932694465522E-004
          13          17  -6.4676335694800968E-002
          13          18   6.2050163415097826E-015
          13          19   7.0464182333149510E-016
          13          20   4.4449491267807635E-015
          13          21  -1.6458817470363022E-015
          13          22  -1.5998877845091183E-015
          13          23   3.6697339777003070E-015
          14           1   2.2639701367626670E-002
          14           2  -9.6910940541480250E-002
          14           3  -3.3380737177377267E-014
          14           4   6.9022926819495993E-014
          14           5  -9.4247805646954594E-017
          14           6  0.45068290178735421     
          14           7   1.1232308461815502E-013
          14           8  -2.9695913233628957E-013
          14           9  -1.3781814206890814E-014
          14          10  -5.4007729020143738E-002
          14          11  -3.5755735086566915E-014
          14          12   8.9890175484688039E-014
          14          13   2.0901542608217693E-015
          14          14   1.7321697229513988E-002
          14          15   1.5761908251746780E-014
          14          16  -3.7286682436277330E-014
          14          17  -5.1113819484323765E-016
          14          18 -0.10289278854616514     
          14          19  -1.7102986055905543E-016
          14          20 -0.10289278854616585     
          14          21  -1.1819082779305966E-015
          14          22   1.6474212466596321E-016
          14          23 -0.10289278854616628     
          15           1   1.5783861499570243E-015
          15           2  -1.4962274987956982E-014
          15           3 -0.11452109783075122     
          15           4   1.0507530368973521E-003
          15           5   1.3562545412531725E-002
          15           6   9.2652425785116076E-014
          15           7  0.25505535263864421     
          15           8  -3.5886509051172161E-003
          15           9  -4.6320342802639650E-002
          15          10  -3.2717891827297187E-014
          15          11  -6.5129538613646690E-002
          15          12   1.2956951954429621E-004
          15          13   1.6724124801029835E-003
          15          14   1.5761908251746780E-014
          15          15   3.0885015111235585E-002
          15          16  -3.0161514219870678E-004
          15          17  -3.8930832644195469E-003
          15          18  -1.6080587373153966E-014
          15          19   2.5521652245731536E-015
          15          20  -2.6397815203075695E-014
          15          21  -6.6616473591084706E-015
          15          22  -6.6650569778149295E-015
          15          23  -2.6959487225864058E-014
          16           1  -6.5260924457536255E-015
          16           2   2.3279864741478453E-014
          16           3   1.0507530368677363E-003
          16           4 -0.12627675049055925     
          16           5   1.2027248094205411E-003
          16           6  -1.7190745870451071E-013
          16           7  -3.5886509050077672E-003
          16           8  0.29520459044810704     
          16           9  -4.1076821330456653E-003
          16          10   7.1456083388744088E-014
          16          11   1.2956951953112228E-004
          16          12  -6.6579141149298068E-002
          16          13   1.4830932694465522E-004
          16          14  -3.7286682436277330E-014
          16          15  -3.0161514219870678E-004
          16          16   3.4259435858981210E-002
          16          17  -3.4523813083342828E-004
          16          18   1.6856591825662518E-014
          16          19  -3.6575640436340158E-015
          16          20   5.6377532033175821E-014
          16          21   1.8594030964818147E-014
          16          22   1.4593231649148517E-014
          16          23   5.1147249812851552E-014
          17           1   4.3788465115080713E-016
          17           2  -1.8398215420343245E-015
          17           3   1.3562545412513923E-002
          17           4   1.2027248094613524E-003
          17           5 -0.11084581721628259     
          17           6   1.7106829155261062E-014
          17           7  -4.6320342802567541E-002
          17           8  -4.1076821332156717E-003
          17           9  0.24250311758381871     
          17          10  -1.7985394467210227E-015
          17          11   1.6724124800919910E-003
          17          12   1.4830932697184140E-004
          17          13  -6.4676335694800968E-002
          17          14  -5.1113819484323765E-016
          17          15  -3.8930832644195469E-003
          17          16  -3.4523813083342828E-004
          17          17   2.9830038112646073E-002
          17          18  -4.5162571951088512E-015
          17          19  -1.6789023112541716E-015
          17          20  -5.6909858084177609E-015
          17          21   1.0948524910646445E-016
          17          22   1.7868367862621730E-015
          17          23  -5.2035425098785798E-015
          18           1 -0.21814329370167615     
          18           2  0.86523613090343454     
          18           3  -1.6604093872634132E-014
          18           4  -3.1572504347109869E-014
          18           5  -3.4946875984515371E-015
          18           6  -2.7694103220052408     
          18           7  -5.9139924458317737E-014
          18           8   1.5569766935011777E-013
          18           9   3.0522977949482754E-014
          18          10  0.34595530981057415     
          18          11   2.2673115568674583E-014
          18          12  -4.4321263327819127E-014
          18          13   6.2050163415097826E-015
          18          14 -0.10289278854616514     
          18          15  -1.6080587373153966E-014
          18          16   1.6856591825662518E-014
          18          17  -4.5162571951088512E-015
          18          18  0.66880613228919283     
          18          19   1.0106495067784791E-015
          18          20  0.66880613228919739     
          18          21   7.1724471056808656E-015
          18          22  -1.0187643240752235E-015
          18          23  0.66880613228920038     
          19           1   1.2449584319221991E-015
          19           2   3.9811501233228774E-016
          19           3  -4.7366805513581867E-015
          19           4   1.1135459488847399E-014
          19           5   3.8338841464286665E-015
          19           6  -4.4165221732149709E-015
          19           7   2.8758610049449594E-014
          19           8  -3.5998537194821636E-014
          19           9  -2.0160022072876364E-014
          19          10   5.3653152720092290E-016
          19          11  -1.9898603427736936E-015
          19          12   5.1515295834915784E-015
          19          13   7.0464182333149510E-016
          19          14  -1.7102986055905543E-016
          19          15   2.5521652245731536E-015
          19          16  -3.6575640436340158E-015
          19          17  -1.6789023112541716E-015
          19          18   1.0106495067784791E-015
          19          19   1.5001894079308218E-027
          19          20   1.0106495067755437E-015
          19          21  -1.0803416509701861E-027
          19          22  -1.8618437832320942E-027
          19          23   1.0106495067769353E-015
          20           1 -0.21814329370167393     
          20           2  0.86523613090343598     
          20           3  -5.3008465329342951E-014
          20           4  -1.1193511444750630E-013
          20           5   8.6213641751591828E-015
          20           6  -2.7694103220052582     
          20           7  -1.3509936041202964E-013
          20           8   4.8444898204531299E-013
          20           9   1.2328146574057790E-014
          20          10  0.34595530981057715     
          20          11   5.1567692951773898E-014
          20          12  -1.2975038726675748E-013
          20          13   4.4449491267807635E-015
          20          14 -0.10289278854616585     
          20          15  -2.6397815203075695E-014
          20          16   5.6377532033175821E-014
          20          17  -5.6909858084177609E-015
          20          18  0.66880613228919739     
          20          19   1.0106495067755437E-015
          20          20  0.66880613228920183     
          20          21   7.1724471057114608E-015
          20          22  -1.0187643240485764E-015
          20          23  0.66880613228920494     
          21           1   1.2437776706462913E-015
          21           2   5.7184108641996797E-015
          21           3   1.4535258552693197E-014
          21           4  -3.4096424570654136E-014
          21           5  -4.7644548526646746E-016
          21           6  -2.9685800624497491E-014
          21           7  -4.8778016544339103E-014
          21           8   1.4565364686620492E-013
          21           9  -2.0922567247942024E-015
          21          10   4.1918978204583855E-015
          21          11   1.7492434034992529E-014
          21          12  -4.4569088523793354E-014
          21          13  -1.6458817470363022E-015
          21          14  -1.1819082779305966E-015
          21          15  -6.6616473591084706E-015
          21          16   1.8594030964818147E-014
          21          17   1.0948524910646445E-016
          21          18   7.1724471056808656E-015
          21          19  -1.0803416509701861E-027
          21          20   7.1724471057114608E-015
          21          21   1.6577363560720593E-026
          21          22   1.3176989254880029E-026
          21          23   7.1724471057116548E-015
          22           1  -6.1021463582783346E-016
          22           2  -9.8647073559346588E-017
          22           3  -3.5153809118639722E-014
          22           4  -2.6448838837423424E-014
          22           5   2.1309697938565627E-015
          22           6   3.9769268264379659E-015
          22           7  -6.2151368006786702E-014
          22           8   1.0984700115242172E-013
          22           9   2.0096710459548658E-014
          22          10  -6.5494572479646847E-016
          22          11   1.2916750119494988E-014
          22          12  -3.7082371108927164E-014
          22          13  -1.5998877845091183E-015
          22          14   1.6474212466596321E-016
          22          15  -6.6650569778149295E-015
          22          16   1.4593231649148517E-014
          22          17   1.7868367862621730E-015
          22          18  -1.0187643240752235E-015
          22          19  -1.8618437832320942E-027
          22          20  -1.0187643240485764E-015
          22          21   1.3176989254880029E-026
          22          22   1.4729657750714201E-026
          22          23  -1.0187643240505517E-015
          23           1 -0.21814329370167182     
          23           2  0.86523613090344242     
          23           3  -2.9074884235300182E-015
          23           4  -9.1904908755568506E-014
          23           5  -5.3716784390967866E-016
          23           6  -2.7694103220052702     
          23           7  -1.3476768352888770E-013
          23           8   4.2321834605734978E-013
          23           9   1.6379763437457899E-014
          23          10  0.34595530981057876     
          23          11   5.3462781260485618E-014
          23          12  -1.2710384442162730E-013
          23          13   3.6697339777003070E-015
          23          14 -0.10289278854616628     
          23          15  -2.6959487225864058E-014
          23          16   5.1147249812851552E-014
          23          17  -5.2035425098785798E-015
          23          18  0.66880613228920038     
          23          19   1.0106495067769353E-015
          23          20  0.66880613228920494     
          23          21   7.1724471057116548E-015
          23          22  -1.0187643240505517E-015
          23          23  0.66880613228920804     
