           1           1  0.10125081981464840     
           1           2  0.17319536205960920     
           1           3   9.7785980657192406E-002
           1           4  -2.2175735161813088E-017
           1           5   9.8215687985008891E-018
           1           6  -2.8529771822795967E-017
           2           1  0.17319536205960920     
           2           2  0.29626064750756098     
           2           3  0.16726855501298535     
           2           4  -3.7932872912230669E-017
           2           5   1.6800359415989878E-017
           2           6  -4.8801818784012605E-017
           3           1   9.7785980657192406E-002
           3           2  0.16726855501298535     
           3           3   9.4439709531175739E-002
           3           4  -2.1416873597287687E-017
           3           5   9.4854712121011930E-018
           3           6  -2.7553472858048156E-017
           4           1  -2.2175735161813088E-017
           4           2  -3.7932872912230669E-017
           4           3  -2.1416873597287687E-017
           4           4   4.8568814639437409E-033
           4           5  -2.1510987165120453E-033
           4           6   6.2485288052724470E-033
           5           1   9.8215687985008891E-018
           5           2   1.6800359415989878E-017
           5           3   9.4854712121011930E-018
           5           4  -2.1510987165120453E-033
           5           5   9.5271538383860527E-034
           5           6  -2.7674552885208732E-033
           6           1  -2.8529771822795967E-017
           6           2  -4.8801818784012605E-017
           6           3  -2.7553472858048156E-017
           6           4   6.2485288052724470E-033
           6           5  -2.7674552885208732E-033
           6           6   8.0389263193209751E-033
