           1           1  0.61261160980767815     
           1           2  0.52585910198894281     
           1           3  0.12205622207978364     
           1           4   1.0437603293695896E-016
           1           5   9.9200649839966595E-017
           1           6   2.3033068358331464E-018
           2           1  0.52585910198894281     
           2           2  0.45502718255808017     
           2           3  0.10772062355649530     
           2           4   1.0542019587781001E-016
           2           5   9.0812533701520827E-017
           2           6   1.0839373011326169E-017
           3           1  0.12205622207978364     
           3           2  0.10772062355649530     
           3           3   2.6710357884804047E-002
           3           4   3.3632095291893791E-017
           3           5   2.4355547487668822E-017
           3           6   7.6474546227807489E-018
           4           1   1.0437603293695896E-016
           4           2   1.0542019587781001E-016
           4           3   3.3632095291893791E-017
           4           4   8.6668126819484845E-032
           4           5   4.1538233713507416E-032
           4           6   3.8969007623810596E-032
           5           1   9.9200649839966595E-017
           5           2   9.0812533701520827E-017
           5           3   2.4355547487668822E-017
           5           4   4.1538233713507416E-032
           5           5   2.4874875625871660E-032
           5           6   1.4169857200110364E-032
           6           1   2.3033068358331464E-018
           6           2   1.0839373011326169E-017
           6           3   7.6474546227807489E-018
           6           4   3.8969007623810596E-032
           6           5   1.4169857200110364E-032
           6           6   2.1612191354185878E-032
