           1           1  0.70598951396517062     
           1           2  0.58794924113452696     
           1           3   3.0508048939987320E-002
           1           4  -1.7970185066494300E-010
           1           5   2.3953163032636439E-010
           1           6   2.8744800367571473E-010
           2           1  0.58794924113452696     
           2           2  0.48964510566738695     
           2           3   2.5407153898223171E-002
           2           4  -1.4965600010252820E-010
           2           5   1.9948234007891267E-010
           2           6   2.3938717547900656E-010
           3           1   3.0508048939987320E-002
           3           2   2.5407153898223171E-002
           3           3   1.3183496882897138E-003
           3           4  -7.7654876934969731E-012
           3           5   1.0350922470998160E-011
           3           6   1.2421541133793131E-011
           4           1  -1.7970185066494300E-010
           4           2  -1.4965600010252820E-010
           4           3  -7.7654876934969731E-012
           4           4   4.5741125940775799E-020
           4           5  -6.0970136991563163E-020
           4           6  -7.3166721783021362E-020
           5           1   2.3953163032636439E-010
           5           2   1.9948234007891267E-010
           5           3   1.0350922470998160E-011
           5           4  -6.0970136991563163E-020
           5           5   8.1269481902051277E-020
           5           6   9.7526787147316677E-020
           6           1   2.8744800367571473E-010
           6           2   2.3938717547900656E-010
           6           3   1.2421541133793131E-011
           6           4  -7.3166721783021362E-020
           6           5   9.7526787147316677E-020
           6           6   1.1703623536290072E-019
