           1           1   2.1466515921704019     
           1           2 -0.24561741671416742     
           1           3   1.5893779620262590E-014
           1           4   5.7147127503837647E-015
           1           5   7.0196639242542813E-015
           1           6 -0.47687043812898455     
           1           7  -6.3270537469363863E-015
           1           8   1.0326899307087634E-015
           1           9  -2.2574074240379950E-015
           1          10   1.8048548883769562E-002
           1          11  -5.0279087204158442E-016
           1          12  -7.0830549354319231E-017
           1          13   1.8768249118907961E-015
           1          14   9.1368215064032463E-002
           1          15  -2.7500400490972236E-016
           1          16   9.1368215064029548E-002
           1          17  -4.6669302620475581E-017
           1          18  -1.0373982231508483E-015
           1          19   9.1368215064033351E-002
           2           1 -0.24561741671416742     
           2           2  0.83144086118949923     
           2           3  -2.9968572832150817E-014
           2           4  -1.9869952431599348E-014
           2           5  -8.0807345287747229E-015
           2           6  0.70789300498132168     
           2           7   9.2512662572684394E-016
           2           8   2.9154897501116676E-015
           2           9   1.7698680605337581E-015
           2          10  -3.7899954867742884E-003
           2          11   2.5418258978505837E-015
           2          12  -1.8309229473968703E-015
           2          13  -2.5619794876578968E-015
           2          14  -8.7065145649959985E-002
           2          15   1.9016450817725726E-015
           2          16  -8.7065145649955378E-002
           2          17  -2.9865442154824755E-015
           2          18  -1.0808551622419305E-015
           2          19  -8.7065145649954767E-002
           3           1   1.5893779620262590E-014
           3           2  -2.9968572832150817E-014
           3           3   1.5731427436660743     
           3           4   2.1510571102112408E-016
           3           5   1.2767564783189300E-015
           3           6  -2.6909296450258321E-014
           3           7  0.24314149654573133     
           3           8   5.3678849559757325E-016
           3           9  -4.5102810375396984E-017
           3          10  -1.5010137982746985E-015
           3          11   8.2327056754109257E-002
           3          12   4.7900051980409586E-016
           3          13   4.1199682554449168E-017
           3          14   8.2100985911990781E-015
           3          15   1.5069645890999520E-015
           3          16   4.9019716013752196E-015
           3          17   7.4504360780956491E-016
           3          18  -4.0112549076923626E-016
           3          19   4.2403268027008892E-015
           4           1   5.7147127503837647E-015
           4           2  -1.9869952431599348E-014
           4           3   2.1510571102112408E-016
           4           4   1.5731427436660792     
           4           5  -3.4416913763379853E-015
           4           6  -7.3891613000608181E-015
           4           7  -2.7441156985608117E-016
           4           8  0.24314149654572761     
           4           9   5.5207574622961886E-016
           4          10  -1.1510676335651220E-015
           4          11  -2.4882439858542327E-015
           4          12   8.2327056754109770E-002
           4          13  -1.6518904299989146E-015
           4          14  -3.7866517436418105E-016
           4          15   1.2320095206075556E-015
           4          16   1.9974689121907944E-015
           4          17   5.7495555710209510E-016
           4          18   1.4345968459398764E-015
           4          19   1.5173333940519335E-015
           5           1   7.0196639242542813E-015
           5           2  -8.0807345287747229E-015
           5           3   1.2767564783189300E-015
           5           4  -3.4416913763379853E-015
           5           5   1.5731427436660699     
           5           6  -2.2853117328813304E-014
           5           7  -3.7088387916384136E-015
           5           8   5.9414279052205643E-016
           5           9  0.24314149654572825     
           5          10   6.3237471265399117E-015
           5          11   2.5205532105943007E-015
           5          12   6.4197779037211689E-015
           5          13   8.2327056754110950E-002
           5          14   3.5184604456889950E-015
           5          15  -5.3155712295951052E-016
           5          16   5.6550057968094619E-015
           5          17  -5.8848142495500967E-016
           5          18   8.5310843708439125E-016
           5          19   6.3283818517673870E-015
           6           1 -0.47687043812898455     
           6           2  0.70789300498132168     
           6           3  -2.6909296450258321E-014
           6           4  -7.3891613000608181E-015
           6           5  -2.2853117328813304E-014
           6           6  0.66070960187747563     
           6           7  -4.8958629661674697E-016
           6           8   3.2885702267814417E-015
           6           9  -5.6214152472486455E-015
           6          10  -6.1472164862969286E-003
           6          11   1.8569091008722374E-015
           6          12  -1.3580620336458767E-015
           6          13  -3.8413586568556233E-015
           6          14  -8.7730153217734488E-002
           6          15   1.5527929808397288E-015
           6          16  -8.7730153217730950E-002
           6          17  -2.0465217063600231E-015
           6          18  -8.4554022931060054E-016
           6          19  -8.7730153217731227E-002
           7           1  -6.3270537469363863E-015
           7           2   9.2512662572684394E-016
           7           3  0.24314149654573133     
           7           4  -2.7441156985608117E-016
           7           5  -3.7088387916384136E-015
           7           6  -4.8958629661674697E-016
           7           7  0.13666398044026559     
           7           8   3.8742948194232796E-016
           7           9  -1.7052331768852014E-015
           7          10  -1.0547164593032853E-015
           7          11   1.6376250080531653E-002
           7          12   2.7957508270254339E-016
           7          13  -2.7950732006676304E-016
           7          14   9.2784842350110015E-016
           7          15   6.2609957626116064E-016
           7          16  -1.0323057177762050E-015
           7          17   4.0776979149390441E-016
           7          18  -1.5239388609937162E-017
           7          19  -9.5634357740038208E-016
           8           1   1.0326899307087634E-015
           8           2   2.9154897501116676E-015
           8           3   5.3678849559757325E-016
           8           4  0.24314149654572761     
           8           5   5.9414279052205643E-016
           8           6   3.2885702267814417E-015
           8           7   3.8742948194232796E-016
           8           8  0.13666398044026484     
           8           9  -3.9031278209478160E-017
           8          10  -1.7748543217165273E-015
           8          11  -9.5735051830470042E-017
           8          12   1.6376250080530966E-002
           8          13  -4.0881198166281552E-016
           8          14  -1.1938255051414934E-015
           8          15   1.3571472646904856E-015
           8          16  -2.6899803719240853E-016
           8          17   2.9867468236214614E-016
           8          18   4.7364716655978453E-016
           8          19  -1.3946350993765796E-015
           9           1  -2.2574074240379950E-015
           9           2   1.7698680605337581E-015
           9           3  -4.5102810375396984E-017
           9           4   5.5207574622961886E-016
           9           5  0.24314149654572825     
           9           6  -5.6214152472486455E-015
           9           7  -1.7052331768852014E-015
           9           8  -3.9031278209478160E-017
           9           9  0.13666398044026667     
           9          10   3.0769808719970763E-015
           9          11   1.1930560706030491E-015
           9          12   3.1411776391793156E-015
           9          13   1.6376250080532770E-002
           9          14   2.1925305772769085E-016
           9          15  -4.2009474813186839E-016
           9          16   1.3522568477401783E-015
           9          17   2.8618274545734453E-017
           9          18   2.1332965921748242E-016
           9          19   1.6223656788547382E-015
          10           1   1.8048548883769562E-002
          10           2  -3.7899954867742884E-003
          10           3  -1.5010137982746985E-015
          10           4  -1.1510676335651220E-015
          10           5   6.3237471265399117E-015
          10           6  -6.1472164862969286E-003
          10           7  -1.0547164593032853E-015
          10           8  -1.7748543217165273E-015
          10           9   3.0769808719970763E-015
          10          10   1.5372024267930524E-003
          10          11  -2.8401003570502397E-016
          10          12  -1.0542564516004044E-016
          10          13   5.1656477076714483E-016
          10          14   4.8248501073923818E-003
          10          15  -6.1222780852253612E-017
          10          16   4.8248501073923688E-003
          10          17   7.7096754952640825E-017
          10          18   4.8226238651737158E-017
          10          19   4.8248501073922343E-003
          11           1  -5.0279087204158442E-016
          11           2   2.5418258978505837E-015
          11           3   8.2327056754109257E-002
          11           4  -2.4882439858542327E-015
          11           5   2.5205532105943007E-015
          11           6   1.8569091008722374E-015
          11           7   1.6376250080531653E-002
          11           8  -9.5735051830470042E-017
          11           9   1.1930560706030491E-015
          11          10  -2.8401003570502397E-016
          11          11   4.4430105571417362E-003
          11          12  -8.8240504313163992E-017
          11          13   1.5907956375793564E-016
          11          14  -3.9918848841689329E-016
          11          15   9.3355440077656809E-017
          11          16  -6.2571277445947414E-016
          11          17   4.9775266644457416E-017
          11          18  -1.9268695094266682E-017
          11          19  -6.5376971595142258E-016
          12           1  -7.0830549354319231E-017
          12           2  -1.8309229473968703E-015
          12           3   4.7900051980409586E-016
          12           4   8.2327056754109770E-002
          12           5   6.4197779037211689E-015
          12           6  -1.3580620336458767E-015
          12           7   2.7957508270254339E-016
          12           8   1.6376250080530966E-002
          12           9   3.1411776391793156E-015
          12          10  -1.0542564516004044E-016
          12          11  -8.8240504313163992E-017
          12          12   4.4430105571417354E-003
          12          13   3.2870299364329281E-016
          12          14   1.1073019226965389E-016
          12          15   1.0747677781490282E-016
          12          16   2.5563071557543601E-016
          12          17   3.7822066560855522E-017
          12          18   8.4361535182024303E-017
          12          19   1.9175134783166995E-016
          13           1   1.8768249118907961E-015
          13           2  -2.5619794876578968E-015
          13           3   4.1199682554449168E-017
          13           4  -1.6518904299989146E-015
          13           5   8.2327056754110950E-002
          13           6  -3.8413586568556233E-015
          13           7  -2.7950732006676304E-016
          13           8  -4.0881198166281552E-016
          13           9   1.6376250080532770E-002
          13          10   5.1656477076714483E-016
          13          11   1.5907956375793564E-016
          13          12   3.2870299364329281E-016
          13          13   4.4430105571419930E-003
          13          14   7.5580711117589764E-016
          13          15  -4.0273303600762575E-017
          13          16   8.9720685382436376E-016
          13          17  -2.6389824200094333E-017
          13          18   4.7648531153767013E-017
          13          19   9.3856603843565698E-016
          14           1   9.1368215064032463E-002
          14           2  -8.7065145649959985E-002
          14           3   8.2100985911990781E-015
          14           4  -3.7866517436418105E-016
          14           5   3.5184604456889950E-015
          14           6  -8.7730153217734488E-002
          14           7   9.2784842350110015E-016
          14           8  -1.1938255051414934E-015
          14           9   2.1925305772769085E-016
          14          10   4.8248501073923818E-003
          14          11  -3.9918848841689329E-016
          14          12   1.1073019226965389E-016
          14          13   7.5580711117589764E-016
          14          14   2.2564018980867958E-002
          14          15  -3.3693186170513398E-016
          14          16   2.2564018980867562E-002
          14          17   4.2858556759145027E-016
          14          18   2.3288544028857469E-016
          14          19   2.2564018980867209E-002
          15           1  -2.7500400490972236E-016
          15           2   1.9016450817725726E-015
          15           3   1.5069645890999520E-015
          15           4   1.2320095206075556E-015
          15           5  -5.3155712295951052E-016
          15           6   1.5527929808397288E-015
          15           7   6.2609957626116064E-016
          15           8   1.3571472646904856E-015
          15           9  -4.2009474813186839E-016
          15          10  -6.1222780852253612E-017
          15          11   9.3355440077656809E-017
          15          12   1.0747677781490282E-016
          15          13  -4.0273303600762575E-017
          15          14  -3.3693186170513398E-016
          15          15   2.5757403356681538E-029
          15          16  -3.3693186170512703E-016
          15          17  -6.2460260915538318E-030
          15          18  -1.3134362017660266E-030
          15          19  -3.3693186170513117E-016
          16           1   9.1368215064029548E-002
          16           2  -8.7065145649955378E-002
          16           3   4.9019716013752196E-015
          16           4   1.9974689121907944E-015
          16           5   5.6550057968094619E-015
          16           6  -8.7730153217730950E-002
          16           7  -1.0323057177762050E-015
          16           8  -2.6899803719240853E-016
          16           9   1.3522568477401783E-015
          16          10   4.8248501073923688E-003
          16          11  -6.2571277445947414E-016
          16          12   2.5563071557543601E-016
          16          13   8.9720685382436376E-016
          16          14   2.2564018980867562E-002
          16          15  -3.3693186170512703E-016
          16          16   2.2564018980867163E-002
          16          17   4.2858556759142182E-016
          16          18   2.3288544028857780E-016
          16          19   2.2564018980866813E-002
          17           1  -4.6669302620475581E-017
          17           2  -2.9865442154824755E-015
          17           3   7.4504360780956491E-016
          17           4   5.7495555710209510E-016
          17           5  -5.8848142495500967E-016
          17           6  -2.0465217063600231E-015
          17           7   4.0776979149390441E-016
          17           8   2.9867468236214614E-016
          17           9   2.8618274545734453E-017
          17          10   7.7096754952640825E-017
          17          11   4.9775266644457416E-017
          17          12   3.7822066560855522E-017
          17          13  -2.6389824200094333E-017
          17          14   4.2858556759145027E-016
          17          15  -6.2460260915538318E-030
          17          16   4.2858556759142182E-016
          17          17   2.4474648148529160E-029
          17          18   6.7868033753492530E-030
          17          19   4.2858556759140067E-016
          18           1  -1.0373982231508483E-015
          18           2  -1.0808551622419305E-015
          18           3  -4.0112549076923626E-016
          18           4   1.4345968459398764E-015
          18           5   8.5310843708439125E-016
          18           6  -8.4554022931060054E-016
          18           7  -1.5239388609937162E-017
          18           8   4.7364716655978453E-016
          18           9   2.1332965921748242E-016
          18          10   4.8226238651737158E-017
          18          11  -1.9268695094266682E-017
          18          12   8.4361535182024303E-017
          18          13   4.7648531153767013E-017
          18          14   2.3288544028857469E-016
          18          15  -1.3134362017660266E-030
          18          16   2.3288544028857780E-016
          18          17   6.7868033753492530E-030
          18          18   7.2567147624862766E-030
          18          19   2.3288544028856676E-016
          19           1   9.1368215064033351E-002
          19           2  -8.7065145649954767E-002
          19           3   4.2403268027008892E-015
          19           4   1.5173333940519335E-015
          19           5   6.3283818517673870E-015
          19           6  -8.7730153217731227E-002
          19           7  -9.5634357740038208E-016
          19           8  -1.3946350993765796E-015
          19           9   1.6223656788547382E-015
          19          10   4.8248501073922343E-003
          19          11  -6.5376971595142258E-016
          19          12   1.9175134783166995E-016
          19          13   9.3856603843565698E-016
          19          14   2.2564018980867209E-002
          19          15  -3.3693186170513117E-016
          19          16   2.2564018980866813E-002
          19          17   4.2858556759140067E-016
          19          18   2.3288544028856676E-016
          19          19   2.2564018980866459E-002
