           1           1   2.0989292716210679     
           1           2 -0.23223073316216250     
           1           3  -7.9779697251822046E-015
           1           4   4.8224204673314180E-013
           1           5  -2.4169940366159952E-013
           1           6 -0.24750822445036574     
           1           7  -2.1096999413497571E-014
           1           8   3.2196984320441870E-013
           1           9  -1.4552928533136905E-013
           1          10   5.2817076538947405E-003
           1          11  -1.9784183936358182E-014
           1          12   5.7554619631060805E-014
           1          13   1.2573414898795202E-014
           1          14  -9.2734070163656285E-003
           1          15   7.7613800244312845E-013
           1          16  -9.2734070163596263E-003
           1          17  -5.0280241578475483E-013
           1          18  -4.2049554857239323E-011
           1          19  -9.2734070163593436E-003
           2           1 -0.23223073316216250     
           2           2  0.67068354276847497     
           2           3  -1.6315486374613570E-013
           2           4   9.8254166071667627E-015
           2           5   1.0378212704524934E-012
           2           6  0.53985794181648927     
           2           7  -1.2415893708645596E-013
           2           8  -6.9530441658966839E-014
           2           9   5.6961821889689850E-013
           2          10  -1.9240874819682500E-004
           2          11  -5.0516184226438659E-015
           2          12  -8.4879531211589852E-014
           2          13   7.5610542809361390E-015
           2          14   3.0471770469352111E-002
           2          15   2.1493457333556374E-014
           2          16   3.0471770469344073E-002
           2          17  -1.6946795896558420E-014
           2          18  -1.1138799228168931E-012
           2          19   3.0471770469339316E-002
           3           1  -7.9779697251822046E-015
           3           2  -1.6315486374613570E-013
           3           3  0.95925923582879169     
           3           4   1.1485604134442440E-013
           3           5  -2.1020858664844155E-013
           3           6   4.8940400469654987E-013
           3           7  0.59651537942219379     
           3           8   6.5547393901521644E-014
           3           9   1.0320108483063972E-013
           3          10   1.5299402579748263E-013
           3          11   6.9646808371133101E-002
           3          12  -1.0128497433120609E-013
           3          13  -3.4226235127304827E-013
           3          14  -2.4590558723485801E-013
           3          15   3.2696625767669696E-013
           3          16  -1.4868072705492575E-013
           3          17   3.3006864911093165E-013
           3          18   1.8139827708440397E-012
           3          19  -1.5238070697788244E-013
           4           1   4.8224204673314180E-013
           4           2   9.8254166071667627E-015
           4           3   1.1485604134442440E-013
           4           4  0.95925923582648909     
           4           5   4.3492986989690507E-013
           4           6  -1.3261583543950549E-012
           4           7  -1.8913516586227530E-013
           4           8  0.59651537942141419     
           4           9  -6.5705080265487936E-013
           4          10  -2.6188793017572259E-012
           4          11   3.5654248650707210E-013
           4          12   6.9646808373504440E-002
           4          13   5.6285965471802868E-013
           4          14   1.2203821844711501E-012
           4          15   3.3166858242329403E-013
           4          16   9.6182648608995063E-013
           4          17  -7.6814855000269206E-013
           4          18  -4.1279736828551546E-012
           4          19   2.2496897429921203E-013
           5           1  -2.4169940366159952E-013
           5           2   1.0378212704524934E-012
           5           3  -2.1020858664844155E-013
           5           4   4.3492986989690507E-013
           5           5  0.95925923582906425     
           5           6  -5.9423677064222498E-013
           5           7   1.8372282861722766E-013
           5           8  -2.2044865932713265E-013
           5           9  0.59651537942197297     
           5          10   1.2354452090861220E-013
           5          11  -2.2060193840926778E-013
           5          12   7.6729334691494344E-013
           5          13   6.9646808371314206E-002
           5          14   5.0143439579414901E-013
           5          15   1.1518776852380721E-014
           5          16   2.2631028186216821E-013
           5          17  -1.5330069889405209E-013
           5          18  -2.3420558762711208E-012
           5          19   7.8745124146506699E-013
           6           1 -0.24750822445036574     
           6           2  0.53985794181648927     
           6           3   4.8940400469654987E-013
           6           4  -1.3261583543950549E-012
           6           5  -5.9423677064222498E-013
           6           6  0.43636954909681591     
           6           7   2.8678192580288068E-013
           6           8  -8.8544089498477550E-013
           6           9  -4.2985252656214884E-013
           6          10  -3.1138529205385599E-004
           6          11   4.1506770382443559E-014
           6          12  -1.6497487321745354E-013
           6          13  -9.7906841953470393E-014
           6          14   2.4489506986216332E-002
           6          15  -6.2149251359799138E-015
           6          16   2.4489506986209771E-002
           6          17   1.6244586149356836E-015
           6          18   3.7690887642545082E-013
           6          19   2.4489506986205979E-002
           7           1  -2.1096999413497571E-014
           7           2  -1.2415893708645596E-013
           7           3  0.59651537942219379     
           7           4  -1.8913516586227530E-013
           7           5   1.8372282861722766E-013
           7           6   2.8678192580288068E-013
           7           7  0.37094310338753589     
           7           8  -1.2126671194989669E-013
           7           9   2.5971434204630217E-013
           7          10   9.5083766113420200E-014
           7          11   4.3309869504297861E-002
           7          12  -8.1901499471292993E-014
           7          13  -1.9000564468150960E-013
           7          14  -1.5396243812069043E-013
           7          15   2.0332347808840468E-013
           7          16  -9.3503236541621374E-014
           7          17   2.0525323014826568E-013
           7          18   1.1280253480877934E-012
           7          19  -9.5804229367727569E-014
           8           1   3.2196984320441870E-013
           8           2  -6.9530441658966839E-014
           8           3   6.5547393901521644E-014
           8           4  0.59651537942141419     
           8           5  -2.2044865932713265E-013
           8           6  -8.8544089498477550E-013
           8           7  -1.2126671194989669E-013
           8           8  0.37094310338745656     
           8           9  -7.1384217981140807E-013
           8          10  -1.6285456390536935E-012
           8          11   2.2129168072634875E-013
           8          12   4.3309869505819845E-002
           8          13   3.1437482825302787E-013
           8          14   7.5546022753654049E-013
           8          15   2.0624839922180469E-013
           8          16   5.9467589967128487E-013
           8          17  -4.7767499157025375E-013
           8          18  -2.5669801921637939E-012
           8          19   1.3646054854083479E-013
           9           1  -1.4552928533136905E-013
           9           2   5.6961821889689850E-013
           9           3   1.0320108483063972E-013
           9           4  -6.5705080265487936E-013
           9           5  0.59651537942197297     
           9           6  -4.2985252656214884E-013
           9           7   2.5971434204630217E-013
           9           8  -7.1384217981140807E-013
           9           9  0.37094310338715586     
           9          10   7.6793636897044705E-014
           9          11  -1.2019730913706561E-013
           9          12   4.0979719617695309E-013
           9          13   4.3309869504382148E-002
           9          14   3.0835972182523184E-013
           9          15   7.1634590918358103E-015
           9          16   1.3727500376965152E-013
           9          17  -9.5329085242803766E-014
           9          18  -1.4564083066386936E-012
           9          19   4.8622034686978460E-013
          10           1   5.2817076538947405E-003
          10           2  -1.9240874819682500E-004
          10           3   1.5299402579748263E-013
          10           4  -2.6188793017572259E-012
          10           5   1.2354452090861220E-013
          10           6  -3.1138529205385599E-004
          10           7   9.5083766113420200E-014
          10           8  -1.6285456390536935E-012
          10           9   7.6793636897044705E-014
          10          10   1.3529003732276209E-005
          10          11   1.1062534471980453E-014
          10          12  -1.9014234477526629E-013
          10          13   9.0075267118536051E-015
          10          14  -5.4406798085065611E-006
          10          15   2.0183095761344257E-015
          10          16  -5.4406798084959233E-006
          10          17  -1.3093509186521174E-015
          10          18  -1.0931705886197952E-013
          10          19  -5.4406798084980823E-006
          11           1  -1.9784183936358182E-014
          11           2  -5.0516184226438659E-015
          11           3   6.9646808371133101E-002
          11           4   3.5654248650707210E-013
          11           5  -2.2060193840926778E-013
          11           6   4.1506770382443559E-014
          11           7   4.3309869504297861E-002
          11           8   2.2129168072634875E-013
          11           9  -1.2019730913706561E-013
          11          10   1.1062534471980453E-014
          11          11   5.0566913905511230E-003
          11          12   1.7929505536501411E-014
          11          13  -3.9758151062834965E-014
          11          14  -1.7555458909968378E-014
          11          15   2.3738909427479518E-014
          11          16  -1.0496534258026549E-014
          11          17   2.3964589046796823E-014
          11          18   1.3170392040407150E-013
          11          19  -1.0765300871314747E-014
          12           1   5.7554619631060805E-014
          12           2  -8.4879531211589852E-014
          12           3  -1.0128497433120609E-013
          12           4   6.9646808373504440E-002
          12           5   7.6729334691494344E-013
          12           6  -1.6497487321745354E-013
          12           7  -8.1901499471292993E-014
          12           8   4.3309869505819845E-002
          12           9   4.0979719617695309E-013
          12          10  -1.9014234477526629E-013
          12          11   1.7929505536501411E-014
          12          12   5.0566913909076104E-003
          12          13   9.4284009852924067E-014
          12          14   8.4716135895065778E-014
          12          15   2.4080955699020492E-014
          12          16   6.5942567192066861E-014
          12          17  -5.5772720676733038E-014
          12          18  -2.9971035218988488E-013
          12          19   1.2442789531256740E-014
          13           1   1.2573414898795202E-014
          13           2   7.5610542809361390E-015
          13           3  -3.4226235127304827E-013
          13           4   5.6285965471802868E-013
          13           5   6.9646808371314206E-002
          13           6  -9.7906841953470393E-014
          13           7  -1.9000564468150960E-013
          13           8   3.1437482825302787E-013
          13           9   4.3309869504382148E-002
          13          10   9.0075267118536051E-015
          13          11  -3.9758151062834965E-014
          13          12   9.4284009852924067E-014
          13          13   5.0566913905759799E-003
          13          14   3.3329150471174524E-014
          13          15   8.3673118962703078E-016
          13          16   1.3354815856543908E-014
          13          17  -1.1129584279903268E-014
          13          18  -1.7004511082784200E-013
          13          19   5.4096189713414629E-014
          14           1  -9.2734070163656285E-003
          14           2   3.0471770469352111E-002
          14           3  -2.4590558723485801E-013
          14           4   1.2203821844711501E-012
          14           5   5.0143439579414901E-013
          14           6   2.4489506986216332E-002
          14           7  -1.5396243812069043E-013
          14           8   7.5546022753654049E-013
          14           9   3.0835972182523184E-013
          14          10  -5.4406798085065611E-006
          14          11  -1.7555458909968378E-014
          14          12   8.4716135895065778E-014
          14          13   3.3329150471174524E-014
          14          14   1.3852602615597172E-003
          14          15   1.4725459858751423E-015
          14          16   1.3852602615593542E-003
          14          17  -1.0919527831055448E-015
          14          18  -7.7469843495311456E-014
          14          19   1.3852602615591371E-003
          15           1   7.7613800244312845E-013
          15           2   2.1493457333556374E-014
          15           3   3.2696625767669696E-013
          15           4   3.3166858242329403E-013
          15           5   1.1518776852380721E-014
          15           6  -6.2149251359799138E-015
          15           7   2.0332347808840468E-013
          15           8   2.0624839922180469E-013
          15           9   7.1634590918358103E-015
          15          10   2.0183095761344257E-015
          15          11   2.3738909427479518E-014
          15          12   2.4080955699020492E-014
          15          13   8.3673118962703078E-016
          15          14   1.4725459858751423E-015
          15          15   6.6210273523092060E-025
          15          16   1.4725459858714236E-015
          15          17  -3.6159184746692115E-025
          15          18  -1.7428381407531859E-023
          15          19   1.4725459855882315E-015
          16           1  -9.2734070163596263E-003
          16           2   3.0471770469344073E-002
          16           3  -1.4868072705492575E-013
          16           4   9.6182648608995063E-013
          16           5   2.2631028186216821E-013
          16           6   2.4489506986209771E-002
          16           7  -9.3503236541621374E-014
          16           8   5.9467589967128487E-013
          16           9   1.3727500376965152E-013
          16          10  -5.4406798084959233E-006
          16          11  -1.0496534258026549E-014
          16          12   6.5942567192066861E-014
          16          13   1.3354815856543908E-014
          16          14   1.3852602615593542E-003
          16          15   1.4725459858714236E-015
          16          16   1.3852602615589914E-003
          16          17  -1.0919527819732028E-015
          16          18  -7.7469843493731273E-014
          16          19   1.3852602615587743E-003
          17           1  -5.0280241578475483E-013
          17           2  -1.6946795896558420E-014
          17           3   3.3006864911093165E-013
          17           4  -7.6814855000269206E-013
          17           5  -1.5330069889405209E-013
          17           6   1.6244586149356836E-015
          17           7   2.0525323014826568E-013
          17           8  -4.7767499157025375E-013
          17           9  -9.5329085242803766E-014
          17          10  -1.3093509186521174E-015
          17          11   2.3964589046796823E-014
          17          12  -5.5772720676733038E-014
          17          13  -1.1129584279903268E-014
          17          14  -1.0919527831055448E-015
          17          15  -3.6159184746692115E-025
          17          16  -1.0919527819732028E-015
          17          17   1.8104852156874698E-024
          17          18   1.4716200974014758E-023
          17          19  -1.0919527813158151E-015
          18           1  -4.2049554857239323E-011
          18           2  -1.1138799228168931E-012
          18           3   1.8139827708440397E-012
          18           4  -4.1279736828551546E-012
          18           5  -2.3420558762711208E-012
          18           6   3.7690887642545082E-013
          18           7   1.1280253480877934E-012
          18           8  -2.5669801921637939E-012
          18           9  -1.4564083066386936E-012
          18          10  -1.0931705886197952E-013
          18          11   1.3170392040407150E-013
          18          12  -2.9971035218988488E-013
          18          13  -1.7004511082784200E-013
          18          14  -7.7469843495311456E-014
          18          15  -1.7428381407531859E-023
          18          16  -7.7469843493731273E-014
          18          17   1.4716200974014758E-023
          18          18   9.2105143075507119E-022
          18          19  -7.7469843491910973E-014
          19           1  -9.2734070163593436E-003
          19           2   3.0471770469339316E-002
          19           3  -1.5238070697788244E-013
          19           4   2.2496897429921203E-013
          19           5   7.8745124146506699E-013
          19           6   2.4489506986205979E-002
          19           7  -9.5804229367727569E-014
          19           8   1.3646054854083479E-013
          19           9   4.8622034686978460E-013
          19          10  -5.4406798084980823E-006
          19          11  -1.0765300871314747E-014
          19          12   1.2442789531256740E-014
          19          13   5.4096189713414629E-014
          19          14   1.3852602615591371E-003
          19          15   1.4725459855882315E-015
          19          16   1.3852602615587743E-003
          19          17  -1.0919527813158151E-015
          19          18  -7.7469843491910973E-014
          19          19   1.3852602615585571E-003
