           1           1   2.1488004741225426     
           1           2 -0.59189641675185323     
           1           3   1.0652259887621672E-009
           1           4   3.8668344508506751E-010
           1           5   1.5012713672816502E-009
           1           6   4.8598185000770858E-002
           1           7  -3.2179369532211025E-009
           1           8  -1.0975310036548263E-009
           1           9  -4.5182993861932759E-009
           1          10   6.8057104298528737E-002
           1          11   5.0414737236319052E-010
           1          12   1.1933540628249458E-011
           1          13   7.5658007132260202E-010
           1          14  -3.0763251930852526E-003
           1          15  -2.4520161460770174E-010
           1          16  -5.8262653380041580E-011
           1          17  -3.6987499799573365E-010
           1          18   1.5510478917570621E-002
           1          19  -2.0072824678966395E-012
           1          20   1.5510478913248048E-002
           1          21  -1.5482048529089424E-008
           1          22  -8.9130678045033237E-009
           1          23   1.5510478917805996E-002
           2           1 -0.59189641675185323     
           2           2   2.3566693548751254     
           2           3  -4.7755929002570482E-009
           2           4  -1.2327067776647247E-009
           2           5  -6.0167316678090512E-009
           2           6 -0.44144542292480216     
           2           7   1.4984076693128263E-008
           2           8   3.7048771718030061E-009
           2           9   1.9076727380511005E-008
           2          10 -0.27395915765108070     
           2          11  -1.9704441772657533E-009
           2          12  -7.9018850531536529E-010
           2          13  -4.1514821519341378E-009
           2          14   3.8012771733142731E-003
           2          15   1.1123334773110701E-009
           2          16   2.2335845380719960E-010
           2          17   1.6299730224132156E-009
           2          18  -2.5884580122239416E-003
           2          19   9.9133309280012090E-012
           2          20  -2.5884579911861784E-003
           2          21   1.0563173089080287E-007
           2          22   3.9538702300212417E-008
           2          23  -2.5884580147563126E-003
           3           1   1.0652259887621672E-009
           3           2  -4.7755929002570482E-009
           3           3   2.0408606441357033     
           3           4  -1.2124457455391411E-010
           3           5  -5.4572210741551072E-010
           3           6   1.1614465049575422E-008
           3           7 -0.13581901411076763     
           3           8   8.3083537749324724E-010
           3           9   1.2021425096409469E-009
           3          10   4.5169682880233940E-009
           3          11 -0.11743669392964060     
           3          12  -6.9709778236533551E-010
           3          13  -1.4295381794058748E-009
           3          14  -2.7668988192959954E-009
           3          15  -4.6434106829744849E-004
           3          16   4.1134777811359095E-010
           3          17   1.6905051654430947E-009
           3          18  -6.1292415603651634E-010
           3          19   3.0402946287332322E-010
           3          20  -1.7422445934650277E-009
           3          21   7.2239121150620917E-007
           3          22   2.4792369483415616E-007
           3          23  -1.0417416917679689E-009
           4           1   3.8668344508506751E-010
           4           2  -1.2327067776647247E-009
           4           3  -1.2124457455391411E-010
           4           4   2.0408606438378412     
           4           5  -3.1301041650340327E-010
           4           6   5.4415295115647135E-009
           4           7   2.8648957475918919E-010
           4           8 -0.13581901391993184     
           4           9   7.3118041843225220E-010
           4          10  -3.8473814765570137E-009
           4          11  -6.4403116367012913E-010
           4          12 -0.11743669325577495     
           4          13   5.2571779367278035E-010
           4          14   2.5391860593262701E-009
           4          15   9.2408594007515253E-010
           4          16  -4.6434140662948232E-004
           4          17  -2.1004969681275699E-009
           4          18  -4.7669686368045317E-010
           4          19  -2.0012321727778278E-010
           4          20  -1.4098434113110663E-010
           4          21  -4.8325485529240977E-007
           4          22  -1.7429826803701016E-007
           4          23  -5.8150236536865982E-010
           5           1   1.5012713672816502E-009
           5           2  -6.0167316678090512E-009
           5           3  -5.4572210741551072E-010
           5           4  -3.1301041650340327E-010
           5           5   2.0408606439346122     
           5           6   1.8179165741958738E-008
           5           7   1.1912616381163747E-009
           5           8   6.1605681838310875E-010
           5           9 -0.13581901359790252     
           5          10  -1.6384999436892398E-009
           5          11  -1.0712924181588016E-009
           5          12   1.5517826252460194E-010
           5          13 -0.11743669437404593     
           5          14   8.1829357462275764E-010
           5          15   2.0776993773570721E-010
           5          16   3.3130828810405370E-011
           5          17  -4.6434046743640354E-004
           5          18  -1.2676144633858919E-009
           5          19  -3.4260940380301646E-010
           5          20  -2.4440485357061093E-009
           5          21   3.7030688881632342E-007
           5          22   9.9805902608005083E-008
           5          23  -8.9212039563421801E-010
           6           1   4.8598185000770858E-002
           6           2 -0.44144542292480216     
           6           3   1.1614465049575422E-008
           6           4   5.4415295115647135E-009
           6           5   1.8179165741958738E-008
           6           6  0.98676810370397927     
           6           7  -2.5622044754396954E-008
           6           8  -1.3373884741593517E-008
           6           9  -4.2106634844394734E-008
           6          10  0.54174315636793613     
           6          11  -3.6518816101738100E-010
           6          12  -3.7755573776665790E-009
           6          13  -4.1368093158751623E-009
           6          14   2.9604183931157893E-004
           6          15  -1.2109039339373733E-009
           6          16  -3.7672348505002347E-010
           6          17  -2.1127704201196063E-009
           6          18   4.9380475373632035E-004
           6          19  -2.4856786091406584E-011
           6          20   4.9380470533202415E-004
           6          21  -1.2347985345259600E-008
           6          22  -4.4065266705416705E-009
           6          23   4.9380476845458515E-004
           7           1  -3.2179369532211025E-009
           7           2   1.4984076693128263E-008
           7           3 -0.13581901411076763     
           7           4   2.8648957475918919E-010
           7           5   1.1912616381163747E-009
           7           6  -2.5622044754396954E-008
           7           7  0.48779840878275643     
           7           8  -2.2060292196356914E-009
           7           9  -9.6402921568352596E-010
           7          10  -1.9151972229673317E-008
           7          11  0.28817498521410395     
           7          12   2.1132635294173985E-009
           7          13   1.9539896945872325E-009
           7          14   8.7021236369561538E-009
           7          15   1.4132527263148145E-002
           7          16  -1.1882806749679329E-009
           7          17  -4.2128511630980335E-009
           7          18  -3.7192667191070159E-009
           7          19  -1.3394130146576512E-009
           7          20   2.1181461767087523E-009
           7          21  -5.1541092827662853E-010
           7          22  -4.2940374687603221E-010
           7          23   3.0776632848978460E-009
           8           1  -1.0975310036548263E-009
           8           2   3.7048771718030061E-009
           8           3   8.3083537749324724E-010
           8           4 -0.13581901391993184     
           8           5   6.1605681838310875E-010
           8           6  -1.3373884741593517E-008
           8           7  -2.2060292196356914E-009
           8           8  0.48779841003591651     
           8           9  -7.5958589345799283E-010
           8          10   9.0374406067790793E-009
           8          11   1.0041582273644594E-009
           8          12  0.28817498431704680     
           8          13  -2.0870763404634573E-009
           8          14  -6.8460345622092404E-009
           8          15  -2.5666124917913421E-009
           8          16   1.4132528363576707E-002
           8          17   6.0710156131502132E-009
           8          18   6.0362723848047255E-010
           8          19  -1.0139451690141262E-009
           8          20  -1.1923147748136400E-009
           8          21   8.8831714893858493E-009
           8          22  -8.1811375357078189E-010
           8          23   1.7001373818382395E-009
           9           1  -4.5182993861932759E-009
           9           2   1.9076727380511005E-008
           9           3   1.2021425096409469E-009
           9           4   7.3118041843225220E-010
           9           5 -0.13581901359790252     
           9           6  -4.2106634844394734E-008
           9           7  -9.6402921568352596E-010
           9           8  -7.5958589345799283E-010
           9           9  0.48779840754019560     
           9          10  -4.6587755481437035E-009
           9          11   9.2541379490119675E-010
           9          12  -1.1458341000251962E-009
           9          13  0.28817498640657513     
           9          14  -8.7324209625185762E-010
           9          15  -8.6613420074306935E-011
           9          16   9.3635199949161319E-011
           9          17   1.4132525663884451E-002
           9          18   5.6547145279700214E-009
           9          19  -9.3689792128943154E-013
           9          20   2.1622417627691610E-009
           9          21   7.7603800722165832E-009
           9          22   4.3000562653086938E-009
           9          23  -5.0531326990175112E-009
          10           1   6.8057104298528737E-002
          10           2 -0.27395915765108070     
          10           3   4.5169682880233940E-009
          10           4  -3.8473814765570137E-009
          10           5  -1.6384999436892398E-009
          10           6  0.54174315636793613     
          10           7  -1.9151972229673317E-008
          10           8   9.0374406067790793E-009
          10           9  -4.6587755481437035E-009
          10          10  0.29918983587804149     
          10          11  -3.1094445263188292E-009
          10          12   7.6458844260902615E-009
          10          13   8.8624291957662147E-009
          10          14  -5.0141938938337571E-004
          10          15  -8.2718986250198851E-010
          10          16   2.6149082102237029E-010
          10          17  -6.5004216583657655E-010
          10          18   1.0399262124998971E-003
          10          19  -1.4023135512538599E-011
          10          20   1.0399261836960324E-003
          10          21  -8.1317406757808230E-009
          10          22  -2.9782550073155329E-009
          10          23   1.0399262185141669E-003
          11           1   5.0414737236319052E-010
          11           2  -1.9704441772657533E-009
          11           3 -0.11743669392964060     
          11           4  -6.4403116367012913E-010
          11           5  -1.0712924181588016E-009
          11           6  -3.6518816101738100E-010
          11           7  0.28817498521410395     
          11           8   1.0041582273644594E-009
          11           9   9.2541379490119675E-010
          11          10  -3.1094445263188292E-009
          11          11  0.17093845186701950     
          11          12   2.6192558963004362E-009
          11          13   2.0895371228815496E-009
          11          14   5.1716063507021458E-009
          11          15   8.2837208460217956E-003
          11          16  -6.3683948561738510E-010
          11          17  -2.4570070759484195E-009
          11          18  -2.1736332823589961E-009
          11          19  -7.8994863493466831E-010
          11          20   1.2655611675415987E-009
          11          21  -1.3704861275254197E-008
          11          22  -4.8512801057944224E-009
          11          23   1.8145207352942115E-009
          12           1   1.1933540628249458E-011
          12           2  -7.9018850531536529E-010
          12           3  -6.9709778236533551E-010
          12           4 -0.11743669325577495     
          12           5   1.5517826252460194E-010
          12           6  -3.7755573776665790E-009
          12           7   2.1132635294173985E-009
          12           8  0.28817498431704680     
          12           9  -1.1458341000251962E-009
          12          10   7.6458844260902615E-009
          12          11   2.6192558963004362E-009
          12          12  0.17093845036599342     
          12          13  -1.6305844886029981E-009
          12          14  -4.0423971785369965E-009
          12          15  -1.4218203768874790E-009
          12          16   8.2837214497073746E-003
          12          17   3.5735620141527414E-009
          12          18   3.5443302438910206E-010
          12          19  -5.8993664714935135E-010
          12          20  -7.0343239646128718E-010
          12          21   1.4168174743552157E-008
          12          22   2.7548069680419674E-009
          12          23   9.9851369346286114E-010
          13           1   7.5658007132260202E-010
          13           2  -4.1514821519341378E-009
          13           3  -1.4295381794058748E-009
          13           4   5.2571779367278035E-010
          13           5 -0.11743669437404593     
          13           6  -4.1368093158751623E-009
          13           7   1.9539896945872325E-009
          13           8  -2.0870763404634573E-009
          13           9  0.28817498640657513     
          13          10   8.8624291957662147E-009
          13          11   2.0895371228815496E-009
          13          12  -1.6305844886029981E-009
          13          13  0.17093845371755831     
          13          14  -5.3594654660490194E-010
          13          15   1.6513011768460182E-011
          13          16   6.3413676806175568E-012
          13          17   8.2837199538518484E-003
          13          18   3.3617290562115642E-009
          13          19   5.8865141597962419E-012
          13          20   1.3384362823997297E-009
          13          21  -2.3258856660382748E-009
          13          22   6.6644366804856765E-010
          13          23  -2.9157196469864700E-009
          14           1  -3.0763251930852526E-003
          14           2   3.8012771733142731E-003
          14           3  -2.7668988192959954E-009
          14           4   2.5391860593262701E-009
          14           5   8.1829357462275764E-010
          14           6   2.9604183931157893E-004
          14           7   8.7021236369561538E-009
          14           8  -6.8460345622092404E-009
          14           9  -8.7324209625185762E-010
          14          10  -5.0141938938337571E-004
          14          11   5.1716063507021458E-009
          14          12  -4.0423971785369965E-009
          14          13  -5.3594654660490194E-010
          14          14   4.4352562146318111E-004
          14          15   2.5400038075270839E-010
          14          16  -1.9658037764158471E-010
          14          17  -2.0923038147773748E-011
          14          18  -3.8670886988700426E-004
          14          19   2.7073115991812845E-013
          14          20  -3.8670886823196363E-004
          14          21   2.2757784410256039E-010
          14          22   8.8603569234538450E-011
          14          23  -3.8670886834677224E-004
          15           1  -2.4520161460770174E-010
          15           2   1.1123334773110701E-009
          15           3  -4.6434106829744849E-004
          15           4   9.2408594007515253E-010
          15           5   2.0776993773570721E-010
          15           6  -1.2109039339373733E-009
          15           7   1.4132527263148145E-002
          15           8  -2.5666124917913421E-009
          15           9  -8.6613420074306935E-011
          15          10  -8.2718986250198851E-010
          15          11   8.2837208460217956E-003
          15          12  -1.4218203768874790E-009
          15          13   1.6513011768460182E-011
          15          14   2.5400038075270839E-010
          15          15   4.1567018497053036E-004
          15          16  -1.0641471755338069E-010
          15          17  -1.2262323949617943E-010
          15          18  -1.1298372947050314E-010
          15          19  -3.8937719192413344E-011
          15          20   5.7032492607742178E-011
          15          21   1.2333495109388336E-009
          15          22   4.1582613605909833E-010
          15          23   8.6488736575225389E-011
          16           1  -5.8262653380041580E-011
          16           2   2.2335845380719960E-010
          16           3   4.1134777811359095E-010
          16           4  -4.6434140662948232E-004
          16           5   3.3130828810405370E-011
          16           6  -3.7672348505002347E-010
          16           7  -1.1882806749679329E-009
          16           8   1.4132528363576707E-002
          16           9   9.3635199949161319E-011
          16          10   2.6149082102237029E-010
          16          11  -6.3683948561738510E-010
          16          12   8.2837214497073746E-003
          16          13   6.3413676806175568E-012
          16          14  -1.9658037764158471E-010
          16          15  -1.0641471755338069E-010
          16          16   4.1567024752801879E-004
          16          17   1.7858394957964533E-010
          16          18   1.6471614172710960E-011
          16          19  -3.0238640289329115E-011
          16          20  -3.5861241737374730E-011
          16          21  -5.7358863692879835E-010
          16          22  -3.2534483693511348E-010
          16          23   4.8581609967337824E-011
          17           1  -3.6987499799573365E-010
          17           2   1.6299730224132156E-009
          17           3   1.6905051654430947E-009
          17           4  -2.1004969681275699E-009
          17           5  -4.6434046743640354E-004
          17           6  -2.1127704201196063E-009
          17           7  -4.2128511630980335E-009
          17           8   6.0710156131502132E-009
          17           9   1.4132525663884451E-002
          17          10  -6.5004216583657655E-010
          17          11  -2.4570070759484195E-009
          17          12   3.5735620141527414E-009
          17          13   8.2837199538518484E-003
          17          14  -2.0923038147773748E-011
          17          15  -1.2262323949617943E-010
          17          16   1.7858394957964533E-010
          17          17   4.1567009387651066E-004
          17          18   1.6087071908978383E-010
          17          19  -6.3898299408263483E-013
          17          20   5.5954409858930794E-011
          17          21   8.6853292049602493E-010
          17          22   2.9912434001323302E-010
          17          23  -1.5387139399375804E-010
          18           1   1.5510478917570621E-002
          18           2  -2.5884580122239416E-003
          18           3  -6.1292415603651634E-010
          18           4  -4.7669686368045317E-010
          18           5  -1.2676144633858919E-009
          18           6   4.9380475373632035E-004
          18           7  -3.7192667191070159E-009
          18           8   6.0362723848047255E-010
          18           9   5.6547145279700214E-009
          18          10   1.0399262124998971E-003
          18          11  -2.1736332823589961E-009
          18          12   3.5443302438910206E-010
          18          13   3.3617290562115642E-009
          18          14  -3.8670886988700426E-004
          18          15  -1.1298372947050314E-010
          18          16   1.6471614172710960E-011
          18          17   1.6087071908978383E-010
          18          18   4.2751114937066275E-004
          18          19  -2.6208503071659533E-013
          18          20   4.2751114791679382E-004
          18          21  -8.0106532369563227E-011
          18          22  -5.3075366161016011E-011
          18          23   4.2751114808415778E-004
          19           1  -2.0072824678966395E-012
          19           2   9.9133309280012090E-012
          19           3   3.0402946287332322E-010
          19           4  -2.0012321727778278E-010
          19           5  -3.4260940380301646E-010
          19           6  -2.4856786091406584E-011
          19           7  -1.3394130146576512E-009
          19           8  -1.0139451690141262E-009
          19           9  -9.3689792128943154E-013
          19          10  -1.4023135512538599E-011
          19          11  -7.8994863493466831E-010
          19          12  -5.8993664714935135E-010
          19          13   5.8865141597962419E-012
          19          14   2.7073115991812845E-013
          19          15  -3.8937719192413344E-011
          19          16  -3.0238640289329115E-011
          19          17  -6.3898299408263483E-013
          19          18  -2.6208503071659533E-013
          19          19   5.9691931783449463E-018
          19          20  -2.6209692619544381E-013
          19          21   1.0483239416759429E-017
          19          22   1.9205803949806020E-017
          19          23  -2.6210560493360776E-013
          20           1   1.5510478913248048E-002
          20           2  -2.5884579911861784E-003
          20           3  -1.7422445934650277E-009
          20           4  -1.4098434113110663E-010
          20           5  -2.4440485357061093E-009
          20           6   4.9380470533202415E-004
          20           7   2.1181461767087523E-009
          20           8  -1.1923147748136400E-009
          20           9   2.1622417627691610E-009
          20          10   1.0399261836960324E-003
          20          11   1.2655611675415987E-009
          20          12  -7.0343239646128718E-010
          20          13   1.3384362823997297E-009
          20          14  -3.8670886823196363E-004
          20          15   5.7032492607742178E-011
          20          16  -3.5861241737374730E-011
          20          17   5.5954409858930794E-011
          20          18   4.2751114791679382E-004
          20          19  -2.6209692619544381E-013
          20          20   4.2751114646302887E-004
          20          21  -8.0106807909850420E-011
          20          22  -5.3075431679231209E-011
          20          23   4.2751114663044606E-004
          21           1  -1.5482048529089424E-008
          21           2   1.0563173089080287E-007
          21           3   7.2239121150620917E-007
          21           4  -4.8325485529240977E-007
          21           5   3.7030688881632342E-007
          21           6  -1.2347985345259600E-008
          21           7  -5.1541092827662853E-010
          21           8   8.8831714893858493E-009
          21           9   7.7603800722165832E-009
          21          10  -8.1317406757808230E-009
          21          11  -1.3704861275254197E-008
          21          12   1.4168174743552157E-008
          21          13  -2.3258856660382748E-009
          21          14   2.2757784410256039E-010
          21          15   1.2333495109388336E-009
          21          16  -5.7358863692879835E-010
          21          17   8.6853292049602493E-010
          21          18  -8.0106532369563227E-011
          21          19   1.0483239416759429E-017
          21          20  -8.0106807909850420E-011
          21          21   4.5032382302148129E-013
          21          22   1.5191333549259256E-013
          21          23  -8.0106694946393262E-011
          22           1  -8.9130678045033237E-009
          22           2   3.9538702300212417E-008
          22           3   2.4792369483415616E-007
          22           4  -1.7429826803701016E-007
          22           5   9.9805902608005083E-008
          22           6  -4.4065266705416705E-009
          22           7  -4.2940374687603221E-010
          22           8  -8.1811375357078189E-010
          22           9   4.3000562653086938E-009
          22          10  -2.9782550073155329E-009
          22          11  -4.8512801057944224E-009
          22          12   2.7548069680419674E-009
          22          13   6.6644366804856765E-010
          22          14   8.8603569234538450E-011
          22          15   4.1582613605909833E-010
          22          16  -3.2534483693511348E-010
          22          17   2.9912434001323302E-010
          22          18  -5.3075366161016011E-011
          22          19   1.9205803949806020E-017
          22          20  -5.3075431679231209E-011
          22          21   1.5191333549259256E-013
          22          22   5.1680869714348451E-014
          22          23  -5.3075436190953857E-011
          23           1   1.5510478917805996E-002
          23           2  -2.5884580147563126E-003
          23           3  -1.0417416917679689E-009
          23           4  -5.8150236536865982E-010
          23           5  -8.9212039563421801E-010
          23           6   4.9380476845458515E-004
          23           7   3.0776632848978460E-009
          23           8   1.7001373818382395E-009
          23           9  -5.0531326990175112E-009
          23          10   1.0399262185141669E-003
          23          11   1.8145207352942115E-009
          23          12   9.9851369346286114E-010
          23          13  -2.9157196469864700E-009
          23          14  -3.8670886834677224E-004
          23          15   8.6488736575225389E-011
          23          16   4.8581609967337824E-011
          23          17  -1.5387139399375804E-010
          23          18   4.2751114808415778E-004
          23          19  -2.6210560493360776E-013
          23          20   4.2751114663044606E-004
          23          21  -8.0106694946393262E-011
          23          22  -5.3075436190953857E-011
          23          23   4.2751114679798956E-004
