           1           1   2.1561326342717422     
           1           2 -0.60916530026329707     
           1           3  -2.9430539751819282E-010
           1           4  -1.7912609969798545E-010
           1           5   1.9837142376734547E-009
           1           6   6.4537084248443094E-002
           1           7   8.5786376063172701E-010
           1           8   5.2273199441343466E-010
           1           9  -5.9504074548567533E-009
           1          10   6.5724487650050539E-002
           1          11  -4.1948908073349248E-010
           1          12  -1.4438602021173720E-010
           1          13   1.4225380351875330E-009
           1          14  -4.2914380681579010E-003
           1          15   9.7607083518976531E-011
           1          16   5.3887233866381412E-011
           1          17  -4.8435353941888302E-010
           1          18   1.4030953370044279E-002
           1          19   9.0790938125536391E-005
           1          20   1.4838805856451981E-002
           1          21   7.3527058085736690E-006
           1          22   7.6366422990783967E-005
           1          23   1.4028736773574083E-002
           2           1 -0.60916530026329707     
           2           2   2.3865402758916545     
           2           3   1.1347365288844516E-009
           2           4   6.9848438195702653E-010
           2           5  -8.1103142264916192E-009
           2           6 -0.49729380704625425     
           2           7  -3.4390109160398212E-009
           2           8  -2.1445862619725650E-009
           2           9   2.5153593202645996E-008
           2          10 -0.26842919473624716     
           2          11   2.0435650436170487E-009
           2          12   7.2908277282884981E-010
           2          13  -7.0606248495816152E-009
           2          14   1.1283248218393398E-002
           2          15  -4.3291327895179982E-010
           2          16  -2.3714333706104430E-010
           2          17   2.1671564595130948E-009
           2          18  -1.0423910711741639E-003
           2          19  -4.2608677571844152E-004
           2          20  -4.8336864531566444E-003
           2          21  -3.4456792446563349E-005
           2          22  -3.5838893377958215E-004
           2          23  -1.0319884650464043E-003
           3           1  -2.9430539751819282E-010
           3           2   1.1347365288844516E-009
           3           3   2.0495532421539746     
           3           4   6.2781316004399566E-003
           3           5   5.0923936516905925E-004
           3           6  -3.1404994195264420E-009
           3           7 -0.16454695312927609     
           3           8  -1.6436062533359455E-002
           3           9  -1.3331715244323348E-003
           3          10   6.0303886930737102E-010
           3          11 -0.11916201874617366     
           3          12  -9.9290745184577225E-003
           3          13  -8.0537454284810412E-004
           3          14   2.5032745169461630E-010
           3          15   4.3737526738585226E-003
           3          16  -1.8049675366062147E-003
           3          17  -1.4640570696434173E-004
           3          18   1.1373657083002778E-010
           3          19  -1.3398607304889953E-010
           3          20   6.2748123391561761E-010
           3          21   7.7165834266373092E-007
           3          22   2.6377183926110144E-007
           3          23   8.9191791863595195E-011
           4           1  -1.7912609969798545E-010
           4           2   6.9848438195702653E-010
           4           3   6.2781316004399566E-003
           4           4   2.1140574040373830     
           4           5   5.2812485355227291E-003
           4           6  -2.4802965717018642E-009
           4           7  -1.6436063034316252E-002
           4           8 -0.33341850113400112     
           4           9  -1.3826171560805737E-002
           4          10   5.8803750974582740E-010
           4          11  -9.9290745092653707E-003
           4          12 -0.22117782716114048     
           4          13  -8.3524312058098054E-003
           4          14  -4.2377218285367886E-011
           4          15  -1.8049677572927669E-003
           4          16  -1.4171301189066690E-002
           4          17  -1.5183561183872713E-003
           4          18   2.1661867300459222E-010
           4          19  -6.4245387657305804E-010
           4          20  -1.6949187516010784E-010
           4          21   2.5669484666103378E-007
           4          22   7.8270542092453441E-008
           4          23   7.7370120319644808E-010
           5           1   1.9837142376734547E-009
           5           2  -8.1103142264916192E-009
           5           3   5.0923936516905925E-004
           5           4   5.2812485355227291E-003
           5           5   2.0493762582437394     
           5           6   2.3838025295827835E-008
           5           7  -1.3331715174395666E-003
           5           8  -1.3826171054972651E-002
           5           9 -0.16408360234835823     
           5          10  -2.2397339105436102E-009
           5          11  -8.0537461235742462E-004
           5          12  -8.3524312081487261E-003
           5          13 -0.11888210687003237     
           5          14   1.7593361092845483E-010
           5          15  -1.4640537641509441E-004
           5          16  -1.5183561323954672E-003
           5          17   4.4246368478515052E-003
           5          18  -2.8961234935664117E-009
           5          19   2.6617389929563061E-010
           5          20  -2.9932445057541124E-009
           5          21  -1.7856411076853926E-007
           5          22  -8.6554937551939486E-008
           5          23  -2.9838416990864961E-010
           6           1   6.4537084248443094E-002
           6           2 -0.49729380704625425     
           6           3  -3.1404994195264420E-009
           6           4  -2.4802965717018642E-009
           6           5   2.3838025295827835E-008
           6           6   1.1376954729938347     
           6           7   7.4986572068400505E-009
           6           8   5.0917175680963762E-009
           6           9  -5.3837159408234982E-008
           6          10  0.51983960523015549     
           6          11  -1.2400787341392780E-009
           6          12   2.6207743470017607E-010
           6          13   5.9793739667135543E-010
           6          14  -1.0936033454378347E-002
           6          15   4.7582521679916796E-010
           6          16   3.3169747822663111E-010
           6          17  -2.4698950377737498E-009
           6          18  -1.5654853274092197E-003
           6          19   7.3682316542651727E-004
           6          20   4.9907247738709207E-003
           6          21   5.9748856388576737E-005
           6          22   6.1981620560304460E-004
           6          23  -1.5834743515896477E-003
           7           1   8.5786376063172701E-010
           7           2  -3.4390109160398212E-009
           7           3 -0.16454695312927609     
           7           4  -1.6436063034316252E-002
           7           5  -1.3331715174395666E-003
           7           6   7.4986572068400505E-009
           7           7  0.57783044706858677     
           7           8   4.2343221211713834E-002
           7           9   3.4345697774081038E-003
           7          10  -8.8912029333043778E-010
           7          11  0.28214996811925303     
           7          12   2.7319257662161846E-002
           7          13   2.2159381497334337E-003
           7          14  -5.7758341794779025E-010
           7          15   3.6179987459680520E-003
           7          16   4.5551944363353362E-003
           7          17   3.6948421060718903E-004
           7          18   1.2688038957137889E-009
           7          19   5.9859851958495862E-010
           7          20  -9.5419741844442333E-010
           7          21  -3.2012778024315678E-009
           7          22   1.5082519393971675E-009
           7          23  -8.2751617981242056E-010
           8           1   5.2273199441343466E-010
           8           2  -2.1445862619725650E-009
           8           3  -1.6436062533359455E-002
           8           4 -0.33341850113400112     
           8           5  -1.3826171054972651E-002
           8           6   5.0917175680963762E-009
           8           7   4.2343221211713834E-002
           8           8   1.0128838795871586     
           8           9   3.5619517613626542E-002
           8          10  -2.4723739657246201E-010
           8          11   2.7319256783646745E-002
           8          12  0.56284038062246855     
           8          13   2.2981217471616435E-002
           8          14  -1.5484026060452983E-010
           8          15   4.5551943241923356E-003
           8          16   5.0420126091993200E-002
           8          17   3.8318727326997048E-003
           8          18   3.3209761261741186E-011
           8          19   2.0307330838677528E-009
           8          20   1.4136287975897990E-009
           8          21   8.8333427735483692E-009
           8          22  -1.1956591475552013E-008
           8          23  -1.9765827177794038E-009
           9           1  -5.9504074548567533E-009
           9           2   2.5153593202645996E-008
           9           3  -1.3331715244323348E-003
           9           4  -1.3826171560805737E-002
           9           5 -0.16408360234835823     
           9           6  -5.3837159408234982E-008
           9           7   3.4345697774081038E-003
           9           8   3.5619517613626542E-002
           9           9  0.57663674394849262     
           9          10  -4.3162268982345699E-009
           9          11   2.2159385444244922E-003
           9          12   2.2981218311826597E-002
           9          13  0.28137980787446670     
           9          14   1.4526501546575583E-009
           9          15   3.6948390663508958E-004
           9          16   3.8318727888330211E-003
           9          17   3.4895823881103986E-003
           9          18   8.1404688340544014E-009
           9          19   1.2804900982692549E-009
           9          20   3.6307003426357446E-009
           9          21   1.3536301077161369E-008
           9          22   4.4251652651007070E-009
           9          23  -8.7134705941388111E-009
          10           1   6.5724487650050539E-002
          10           2 -0.26842919473624716     
          10           3   6.0303886930737102E-010
          10           4   5.8803750974582740E-010
          10           5  -2.2397339105436102E-009
          10           6  0.51983960523015549     
          10           7  -8.8912029333043778E-010
          10           8  -2.4723739657246201E-010
          10           9  -4.3162268982345699E-009
          10          10  0.23866417068626680     
          10          11  -2.7153188268143873E-009
          10          12  -1.2479868262498856E-009
          10          13   1.0436060216816503E-008
          10          14  -5.0858440636111892E-003
          10          15   1.9186113888076444E-010
          10          16   8.8209799912374624E-011
          10          17  -1.0600358019851231E-009
          10          18  -7.1301994855527476E-004
          10          19   3.8800472895713961E-004
          10          20   2.7394235262344722E-003
          10          21   3.1462787465331445E-005
          10          22   3.2638966400525232E-004
          10          23  -7.2249281125153116E-004
          11           1  -4.1948908073349248E-010
          11           2   2.0435650436170487E-009
          11           3 -0.11916201874617366     
          11           4  -9.9290745092653707E-003
          11           5  -8.0537461235742462E-004
          11           6  -1.2400787341392780E-009
          11           7  0.28214996811925303     
          11           8   2.7319256783646745E-002
          11           9   2.2159385444244922E-003
          11          10  -2.7153188268143873E-009
          11          11  0.13857273536085490     
          11          12   1.7048972112103173E-002
          11          13   1.3828885950610866E-003
          11          14  -2.1611151093396911E-010
          11          15   1.6917447516092677E-003
          11          16   2.5889544751893419E-003
          11          17   2.0999712624718495E-004
          11          18   5.6811970656940949E-010
          11          19   3.1277347921329586E-010
          11          20  -4.2654727470355072E-010
          11          21  -1.6378691179415999E-008
          11          22  -4.4414994058009434E-009
          11          23  -4.6695213902717878E-010
          12           1  -1.4438602021173720E-010
          12           2   7.2908277282884981E-010
          12           3  -9.9290745184577225E-003
          12           4 -0.22117782716114048     
          12           5  -8.3524312081487261E-003
          12           6   2.6207743470017607E-010
          12           7   2.7319257662161846E-002
          12           8  0.56284038062246855     
          12           9   2.2981218311826597E-002
          12          10  -1.2479868262498856E-009
          12          11   1.7048972112103173E-002
          12          12  0.31374158762383542     
          12          13   1.4341757052728124E-002
          12          14  -4.3461203816707156E-011
          12          15   2.5889544599154404E-003
          12          16   2.8291834047828358E-002
          12          17   2.1778530870267144E-003
          12          18   5.1400503047605418E-011
          12          19   1.1330841564549600E-009
          12          20   8.1552055396606909E-010
          12          21   3.8326542454695716E-010
          12          22  -7.9504131935481511E-009
          12          23  -1.1925638180782737E-009
          13           1   1.4225380351875330E-009
          13           2  -7.0606248495816152E-009
          13           3  -8.0537454284810412E-004
          13           4  -8.3524312058098054E-003
          13           5 -0.11888210687003237     
          13           6   5.9793739667135543E-010
          13           7   2.2159381497334337E-003
          13           8   2.2981217471616435E-002
          13           9  0.28137980787446670     
          13          10   1.0436060216816503E-008
          13          11   1.3828885950610866E-003
          13          12   1.4341757052728124E-002
          13          13  0.13809210600772509     
          13          14   3.9842161752199119E-010
          13          15   2.0999697119588112E-004
          13          16   2.1778530878988215E-003
          13          17   1.6187590706483056E-003
          13          18   4.0084063489310220E-009
          13          19   6.2850770827504570E-010
          13          20   1.8908806310700157E-009
          13          21   1.0067747876881712E-008
          13          22   3.7579068165081573E-009
          13          23  -4.1818882935921633E-009
          14           1  -4.2914380681579010E-003
          14           2   1.1283248218393398E-002
          14           3   2.5032745169461630E-010
          14           4  -4.2377218285367886E-011
          14           5   1.7593361092845483E-010
          14           6  -1.0936033454378347E-002
          14           7  -5.7758341794779025E-010
          14           8  -1.5484026060452983E-010
          14           9   1.4526501546575583E-009
          14          10  -5.0858440636111892E-003
          14          11  -2.1611151093396911E-010
          14          12  -4.3461203816707156E-011
          14          13   3.9842161752199119E-010
          14          14   2.2299443438146918E-004
          14          15  -1.2778956091593611E-011
          14          16  -3.7965828703683355E-012
          14          17   3.6969884183303276E-011
          14          18  -3.3730647228912258E-004
          14          19   7.3108181930640290E-005
          14          20   3.1320549486974034E-004
          14          21   5.9304836118552908E-006
          14          22   6.1499476580677417E-005
          14          23  -3.3909135382927829E-004
          15           1   9.7607083518976531E-011
          15           2  -4.3291327895179982E-010
          15           3   4.3737526738585226E-003
          15           4  -1.8049677572927669E-003
          15           5  -1.4640537641509441E-004
          15           6   4.7582521679916796E-010
          15           7   3.6179987459680520E-003
          15           8   4.5551943241923356E-003
          15           9   3.6948390663508958E-004
          15          10   1.9186113888076444E-010
          15          11   1.6917447516092677E-003
          15          12   2.5889544599154404E-003
          15          13   2.0999697119588112E-004
          15          14  -1.2778956091593611E-011
          15          15   5.8543278531854541E-005
          15          16   2.6829274847446638E-004
          15          17   2.1761943925833005E-005
          15          18   2.9404447824972000E-011
          15          19   8.0941468061715436E-012
          15          20  -1.4501790838205425E-011
          15          21   2.0697475673935944E-009
          15          22   6.5719626819658362E-010
          15          23  -1.2042164671054317E-012
          16           1   5.3887233866381412E-011
          16           2  -2.3714333706104430E-010
          16           3  -1.8049675366062147E-003
          16           4  -1.4171301189066690E-002
          16           5  -1.5183561323954672E-003
          16           6   3.3169747822663111E-010
          16           7   4.5551944363353362E-003
          16           8   5.0420126091993200E-002
          16           9   3.8318727888330211E-003
          16          10   8.8209799912374624E-011
          16          11   2.5889544751893419E-003
          16          12   2.8291834047828358E-002
          16          13   2.1778530878988215E-003
          16          14  -3.7965828703683355E-012
          16          15   2.6829274847446638E-004
          16          16   2.8151043478033180E-003
          16          17   2.2569040555748987E-004
          16          18   4.4832525505704007E-011
          16          19   9.8104441298611995E-011
          16          20   8.4365953965416683E-011
          16          21   6.8251674234499375E-010
          16          22  -5.5210336841041778E-010
          16          23  -1.4690465147372368E-010
          17           1  -4.8435353941888302E-010
          17           2   2.1671564595130948E-009
          17           3  -1.4640570696434173E-004
          17           4  -1.5183561183872713E-003
          17           5   4.4246368478515052E-003
          17           6  -2.4698950377737498E-009
          17           7   3.6948421060718903E-004
          17           8   3.8318727326997048E-003
          17           9   3.4895823881103986E-003
          17          10  -1.0600358019851231E-009
          17          11   2.0999712624718495E-004
          17          12   2.1778530870267144E-003
          17          13   1.6187590706483056E-003
          17          14   3.6969884183303276E-011
          17          15   2.1761943925833005E-005
          17          16   2.2569040555748987E-004
          17          17   5.0979802611836992E-005
          17          18   3.8840464846383101E-011
          17          19   1.6726570546411661E-011
          17          20   2.0871034473397006E-011
          17          21  -4.0552883733349287E-010
          17          22  -2.6262928305709271E-010
          17          23  -7.5093116595841303E-011
          18           1   1.4030953370044279E-002
          18           2  -1.0423910711741639E-003
          18           3   1.1373657083002778E-010
          18           4   2.1661867300459222E-010
          18           5  -2.8961234935664117E-009
          18           6  -1.5654853274092197E-003
          18           7   1.2688038957137889E-009
          18           8   3.3209761261741186E-011
          18           9   8.1404688340544014E-009
          18          10  -7.1301994855527476E-004
          18          11   5.6811970656940949E-010
          18          12   5.1400503047605418E-011
          18          13   4.0084063489310220E-009
          18          14  -3.3730647228912258E-004
          18          15   2.9404447824972000E-011
          18          16   4.4832525505704007E-011
          18          17   3.8840464846383101E-011
          18          18   1.2552033099725215E-003
          18          19  -2.7966931705074950E-004
          18          20  -1.2332766892481713E-003
          18          21  -2.2684833577858284E-005
          18          22  -2.3526052616339556E-004
          18          23   1.2620312283110353E-003
          19           1   9.0790938125536391E-005
          19           2  -4.2608677571844152E-004
          19           3  -1.3398607304889953E-010
          19           4  -6.4245387657305804E-010
          19           5   2.6617389929563061E-010
          19           6   7.3682316542651727E-004
          19           7   5.9859851958495862E-010
          19           8   2.0307330838677528E-009
          19           9   1.2804900982692549E-009
          19          10   3.8800472895713961E-004
          19          11   3.1277347921329586E-010
          19          12   1.1330841564549600E-009
          19          13   6.2850770827504570E-010
          19          14   7.3108181930640290E-005
          19          15   8.0941468061715436E-012
          19          16   9.8104441298611995E-011
          19          17   1.6726570546411661E-011
          19          18  -2.7966931705074950E-004
          19          19   6.7686991151047021E-005
          19          20   3.2260527638934555E-004
          19          21   5.4902957194398939E-006
          19          22   5.6938942730250366E-005
          19          23  -2.8132184460535019E-004
          20           1   1.4838805856451981E-002
          20           2  -4.8336864531566444E-003
          20           3   6.2748123391561761E-010
          20           4  -1.6949187516010784E-010
          20           5  -2.9932445057541124E-009
          20           6   4.9907247738709207E-003
          20           7  -9.5419741844442333E-010
          20           8   1.4136287975897990E-009
          20           9   3.6307003426357446E-009
          20          10   2.7394235262344722E-003
          20          11  -4.2654727470355072E-010
          20          12   8.1552055396606909E-010
          20          13   1.8908806310700157E-009
          20          14   3.1320549486974034E-004
          20          15  -1.4501790838205425E-011
          20          16   8.4365953965416683E-011
          20          17   2.0871034473397006E-011
          20          18  -1.2332766892481713E-003
          20          19   3.2260527638934555E-004
          20          20   1.6372447937218167E-003
          20          21   2.6167472693289145E-005
          20          22   2.7137860789508379E-004
          20          23  -1.2411528572360930E-003
          21           1   7.3527058085736690E-006
          21           2  -3.4456792446563349E-005
          21           3   7.7165834266373092E-007
          21           4   2.5669484666103378E-007
          21           5  -1.7856411076853926E-007
          21           6   5.9748856388576737E-005
          21           7  -3.2012778024315678E-009
          21           8   8.8333427735483692E-009
          21           9   1.3536301077161369E-008
          21          10   3.1462787465331445E-005
          21          11  -1.6378691179415999E-008
          21          12   3.8326542454695716E-010
          21          13   1.0067747876881712E-008
          21          14   5.9304836118552908E-006
          21          15   2.0697475673935944E-009
          21          16   6.8251674234499375E-010
          21          17  -4.0552883733349287E-010
          21          18  -2.2684833577858284E-005
          21          19   5.4902957194398939E-006
          21          20   2.6167472693289145E-005
          21          21   4.4533477276709901E-007
          21          22   4.6184892603559456E-006
          21          23  -2.2818875065538244E-005
          22           1   7.6366422990783967E-005
          22           2  -3.5838893377958215E-004
          22           3   2.6377183926110144E-007
          22           4   7.8270542092453441E-008
          22           5  -8.6554937551939486E-008
          22           6   6.1981620560304460E-004
          22           7   1.5082519393971675E-009
          22           8  -1.1956591475552013E-008
          22           9   4.4251652651007070E-009
          22          10   3.2638966400525232E-004
          22          11  -4.4414994058009434E-009
          22          12  -7.9504131935481511E-009
          22          13   3.7579068165081573E-009
          22          14   6.1499476580677417E-005
          22          15   6.5719626819658362E-010
          22          16  -5.5210336841041778E-010
          22          17  -2.6262928305709271E-010
          22          18  -2.3526052616339556E-004
          22          19   5.6938942730250366E-005
          22          20   2.7137860789508379E-004
          22          21   4.6184892603559456E-006
          22          22   4.7897581898072505E-005
          22          23  -2.3665064810850060E-004
          23           1   1.4028736773574083E-002
          23           2  -1.0319884650464043E-003
          23           3   8.9191791863595195E-011
          23           4   7.7370120319644808E-010
          23           5  -2.9838416990864961E-010
          23           6  -1.5834743515896477E-003
          23           7  -8.2751617981242056E-010
          23           8  -1.9765827177794038E-009
          23           9  -8.7134705941388111E-009
          23          10  -7.2249281125153116E-004
          23          11  -4.6695213902717878E-010
          23          12  -1.1925638180782737E-009
          23          13  -4.1818882935921633E-009
          23          14  -3.3909135382927829E-004
          23          15  -1.2042164671054317E-012
          23          16  -1.4690465147372368E-010
          23          17  -7.5093116595841303E-011
          23          18   1.2620312283110353E-003
          23          19  -2.8132184460535019E-004
          23          20  -1.2411528572360930E-003
          23          21  -2.2818875065538244E-005
          23          22  -2.3665064810850060E-004
          23          23   1.2688994918814216E-003
